ID	up_or_down	duration	completeness	stgen	wilcox_sig	wilcox_dir	mRNA_fold_change	mRNA_before	mRNA_after	22G_fold_change	22G_before	22G_after	MAplot_significant
B0285.7	2	1	1	10	0	0	-0.526645034245282	100.551786756941	69.493912747117	-0.343532761375782	986.654482094613	777.379470947585	0
B0285.7	1	1	1	11	0	0	0.107756425665746	69.493912747117	74.9608005292774	0.146447749512918	777.379470947585	860.542167867101	0
B0285.7	2	1	0	12	0	0	2.11168855512991	74.9608005292774	327.300186611263	-0.619698039769176	860.542167867101	559.69778501893	0
B0348.4u	1	1	1	4	0	0	1.71741798801814	429.980200815829	1416.266913987	-0.890956830934521	429.156967789297	230.964877027794	0
B0348.4u	2	7	1	5	0	0	-0.0253587798397668	1416.266913987	1391.57275856945	0.497514098569311	230.964877027794	326.48310396436	0
B0348.4u	1	1	0	12	0	0	0.636086286219518	882.557349627719	1372.14309002414	-0.832672363463177	230.91768597206	129.219046531514	0
B0348.5a	1	1	1	5	1	-1	0.0987443048763841	11.0645852655234	11.9192527500596	-0.548434749140711	768.251815537367	524.984831174691	0
B0348.5a	2	7	0	6	1	-1	-0.732144958713989	11.9192527500596	6.77749608259652	0.354746302046665	524.984831174691	671.608726384141	0
B0454.9	2	1	1	4	0	0	1.2485111129903	196.872957115113	469.138415258194	1.18740199999129	191.096310185423	436.484470993205	0
B0454.9	1	8	0	5	0	0	-0.0364743567941925	469.138415258194	457.401324283536	-1.74753524487669	436.484470993205	129.287309169887	0
B0507.1	2	5	1	6	1	1	0.441292538192299	52.1467307815106	71.1637088672634	2.45944302695942	2.61186483171488	18.8654136624759	0
B0507.1	1	2	0	11	1	1	0.443170926962132	40.3064693933278	55.1598343517325	0.175361562465191	1.356683195371	1.66127831634575	0
C03E10.3	2	2	1	10	0	0	1.047405822066	17.640664343323	37.5267128834432	-0.0479202525501163	214.616772187903	207.572528891764	0
C03E10.3	1	1	0	12	0	0	-0.302649005167551	38.1875776281225	30.7718124164435	-0.286692059527708	122.934595409586	100.599049250114	0
C04F12.5	2	3	1	3	0	0	0.172016747703747	434.069068966805	489.162868905648	2.41107553647899	18.3704970059736	102.025996115946	1
C04F12.5	1	7	0	6	0	0	0.260966005279528	357.577582501787	428.67662722423	-2.68375554160535	41.7898373074381	5.65962409874276	0
C05E11.1	2	5	1	6	1	-1	-0.54742390343471	522.957214408863	357.512918356966	0.919955793654697	1115.26628314225	2111.03978883105	0
C05E11.1	1	2	0	11	1	-1	0.224988120957322	494.796658759473	578.471083329707	-0.912386035268652	1092.12997227366	579.786132404668	1
C06A1.3	1	11	0	2	1	1	1.19193889172309	12.9094690269201	30.7775134475241	-1.30455817521364	319.106351060463	128.593479041815	0
C09F5.1	2	3	1	5	0	0	-0.217187274598869	447.009244727147	384.395901189421	1.40534440073429	147.778374708462	393.085657173089	0
C09F5.1	1	5	0	8	0	0	0.207113807377544	286.354508490591	330.715285223795	-0.42886744820103	247.717405666945	183.75840863971	0
C14C11.1	1	1	1	1	0	0	-0.233851408845251	11.0196486223809	9.22104930494292	-0.564539727344848	150.998990436406	101.777325398181	0
C14C11.1	2	3	1	2	0	0	0.89764099261111	9.22104930494292	18.041990641652	1.04631537315981	101.777325398181	211.260715568696	0
C14C11.1	1	8	0	5	0	0	0.758113926944302	6.63875115931406	11.9192527500596	-0.876551165098445	161.479680972822	87.4974718624485	0
C16H3.3a	2	3	1	1	1	-1	-0.300261268209697	440.785944895237	357.776713031785	0.463896445029473	1126.56584673714	1554.20863070456	0
C16H3.3a	1	9	0	4	1	-1	1.1002851768689	223.444767277889	480.203000523717	-0.362709662793788	1655.08838143646	1286.94412411674	0
C27D8.3b	2	1	1	3	0	0	-0.331575463838082	386.310858444785	306.783626424777	0.413792515963314	1880.35158639715	2505.30501573601	0
C27D8.3b	1	1	1	4	0	0	0.709594327555861	306.783626424777	502.332171054764	-0.561721592971733	2505.30501573601	1697.00464731439	0
C27D8.3b	2	8	0	5	0	0	-0.0573095848160978	502.332171054764	482.729736377412	0.384877234107529	1697.00464731439	2216.16730971008	0
C28A5.4	1	12	0	1	0	0	-0.935886158393593	431.340531790339	224.993603040607	-0.963079295032343	154.606474849562	78.8200339549825	0
C34C12.5.1	2	3	1	6	1	-1	-0.0483737063633534	1214.27387391232	1174.20119630985	0.686118937947757	1040.82813543838	1675.24873322786	0
C34C12.5.1	1	1	1	9	1	-1	-0.0433108026139504	1043.46374475784	1012.57413330674	0.485722856459967	1243.18188702171	1741.2120929091	0
C34C12.5.1	2	3	0	10	1	-1	0.0166511561745732	1012.57413330674	1024.3402738925	0.720323970161095	1741.2120929091	2869.38495820967	0
C34C12.9	1	4	1	6	0	0	-0.0364198038921657	83.4347692504169	81.3299529911582	-0.41223850077259	364.355144024226	273.5484981059	0
C34C12.9	2	1	1	10	0	0	0.741525060456642	65.2704580702951	109.800382140445	-0.300215536701954	336.00634921726	272.693322269572	0
C34C12.9	1	2	0	11	0	0	0.0249601333376646	109.800382140445	111.734023430432	-0.218425351937537	272.693322269572	234.240242604751	0
C36C9.1	1	3	1	3	0	0	-0.427640588825957	1569.65318582373	1166.74402805644	-0.656888900836806	398.902220701141	252.635799906152	0
C36C9.1	2	2	1	6	0	0	0.125445267151262	1755.10996744627	1914.64264333352	0.223085337548309	279.469536993492	326.371656360833	0
C36C9.1	1	5	0	8	0	0	0.349072462079841	1696.40360547185	2161.05332930721	0.0622333109727284	223.54985389456	233.448182404529	0
C47B2.8	2	11	0	2	0	0	0.464510043678327	295.073577758173	407.536729787905	2.23568230812267	192.84124812287	911.963958510832	1
C48E7.11	1	1	1	5	0	0	-0.287918280642621	951.554332835015	779.221148535144	-1.50277845998604	16.6373004638665	5.22372966342976	0
C48E7.11	2	5	1	6	0	0	0.0496185210057494	779.221148535144	806.522033828985	1.37052201033345	5.22372966342976	15.0923309299807	0
C48E7.11	1	1	1	11	0	0	-0.11691387411631	1066.03662154077	982.976535242412	1.15287139382403	5.42673278148402	13.290226530766	0
C48E7.11	2	1	0	12	0	0	-0.383657547299757	982.976535242412	753.210044829766	0.0296058084441455	13.290226530766	13.586508510419	0
C52E4.2c	2	1	1	4	0	0	-0.677132203161804	1281.48593557751	801.075973223897	0.444588595952441	910.136663764472	1238.98955219147	0
C52E4.2c	1	5	1	5	0	0	0.0816124197152099	801.075973223897	847.756851847987	-0.3046317856305	1238.98955219147	1002.95609537851	0
C52E4.2c	2	3	0	10	0	0	0.246823779733555	689.74997582393	818.638292161038	-0.113246998038354	1441.13705849253	1332.26289785433	0
C55C3.3	1	1	1	1	1	-1	0.123800370541685	23.6135327622449	25.8189380538402	-0.484911557793298	977.112921049232	697.901659873243	0
C55C3.3	2	1	1	2	1	-1	0.145019674816062	25.8189380538402	28.654926313212	0.195120820046503	697.901659873243	799.116619759851	0
C55C3.3	1	1	1	3	1	-1	-0.545019781753594	28.654926313212	19.3249528456552	-0.242515097860336	799.116619759851	675.314926672215	0
C55C3.3	2	1	1	4	1	-1	0.653955770846155	19.3249528456552	30.9808387434656	0.300387511448722	675.314926672215	831.865023193327	0
C55C3.3	1	4	1	5	1	-1	0.561184868463167	30.9808387434656	46.1871044064808	-0.606859064535387	831.865023193327	545.87974982841	0
C55C3.3	2	3	1	9	1	-1	-1.44322773063397	20.9072881463319	7.05626573732921	0.6151658631505	819.412495668909	1255.65378479167	0
C55C3.3	1	1	0	12	1	-1	-0.0687848881581106	18.3866114505775	17.4839843275247	-0.0338187406657369	651.221100007536	636.109952228123	0
E03E2.t1	1	11	0	2	0	0	NA	NA	NA	-1.0678431130007	17.6005901064524	7.87307014541725	0
F01D4.4.3	2	1	1	1	1	-1	0.0117798082779643	1231.0521746717	1241.15323644532	0.690317217386754	221.087259034874	357.368503465794	0
F01D4.4.3	1	7	1	2	1	-1	-0.254779277065994	1241.15323644532	1040.06769581288	-1.43852704155423	357.368503465794	131.217835756954	1
F01D4.4.3	2	3	1	9	1	-1	-0.217580306631243	956.033267054993	822.054958398852	0.771982749960719	348.765959254959	596.265602368201	1
F01D4.4.3	1	1	0	12	1	-1	1.13095929960292	881.142994900752	1930.93122913183	0.118220889290125	126.257152042277	137.124345610656	1
F07F6.1	2	4	1	1	0	0	-0.209525966204573	23.6135327622449	20.2863084708744	0.193372707401159	27.313810556756	31.3749649723717	0
F07F6.1	1	1	1	5	0	0	-0.0543649321647894	30.9808387434656	29.7981318751489	-0.253020125285799	31.3172714613958	26.1186483171488	0
F07F6.1	2	3	1	6	0	0	0.548803532920938	29.7981318751489	44.0537245368774	1.08668938581248	26.1186483171488	56.5962409874276	0
F07F6.1	1	4	0	9	0	0	-0.304299829762806	13.3046379113021	10.5843986059938	-0.152902771028358	20.6259438269062	18.4512157084623	0
F08G12.4	2	2	1	6	0	0	0.611080465242989	207.097016532285	316.847941861387	0.909759083918918	84.8856070307336	160.356016131045	0
F08G12.4	1	1	1	8	0	0	-0.742446505555953	394.971735849091	235.682157285923	0.395337711459952	84.5864312033472	111.567605245538	0
F08G12.4	2	1	1	9	0	0	0.276987238035281	235.682157285923	285.778762361833	-1.21221732054731	111.567605245538	47.5847141955079	0
F08G12.4	1	3	0	10	0	0	0.210336672261086	285.778762361833	330.791024676277	-0.36860208305573	47.5847141955079	36.6304462750171	0
F11A6.2	2	1	1	4	0	0	-0.104385498493288	83.3388591468883	77.452096858664	0.218045426537637	434.015348556723	504.991002315008	0
F11A6.2	1	3	1	5	0	0	-0.027230206056462	77.452096858664	75.9852362816297	-0.286067921511764	504.991002315008	413.980575826808	0
F11A6.2	2	5	0	8	0	0	-0.416570584277441	61.2206190566091	45.6159014101786	0.0836547225783359	567.937466651045	601.902542585171	0
F19B2.6	1	4	0	9	0	0	0.55834582387739	38.0132511751488	56.4501258986336	-0.449174589109509	732.221005855169	536.05637216164	0
F20D12.5	1	3	1	1	1	1	-0.389581196502413	125.938841398639	95.8989127714063	-1.70149587782325	343.226374166028	104.838297590608	0
F20D12.5	2	1	1	4	1	1	-0.460019831104072	103.871621545397	75.2391798055593	1.06733649557315	131.176280720502	275.983454753551	0
F20D12.5	1	1	1	5	1	1	0.381752615094085	75.2391798055593	98.3338351879914	-0.665010941957102	275.983454753551	173.68901130904	0
F20D12.5	2	7	0	6	1	1	0.183776783800825	98.3338351879914	111.828685362843	0.601833745624806	173.68901130904	264.115791274662	0
F22F7.5a	2	1	1	4	1	-1	-0.260641416996522	297.121150001949	247.846709947725	1.58162822079667	378.953699859228	1136.22975520877	0
F22F7.5a	1	1	1	5	1	-1	0.152714494146153	247.846709947725	275.632719845127	-0.908975374308234	1136.22975520877	604.646708541995	0
F22F7.5a	2	6	1	6	1	-1	-0.215723518112141	275.632719845127	237.212362890878	0.871929954254217	604.646708541995	1107.39978198733	0
F22F7.5a	1	1	0	12	1	-1	0.270414544527164	263.069979215955	317.509155387849	-0.361944217378976	571.479740822939	444.455223658205	0
F22F7.5b	2	6	1	6	0	0	NA	NA	NA	0.891828982270729	920.682353179495	1709.20647782031	0
F22F7.5b	1	1	0	12	0	0	NA	NA	NA	-0.0325412513032663	712.688397712329	696.77072369389	0
F23F12.3	2	3	1	5	0	0	0.938293031218273	66.3875115931406	128.13196706314	0.703988468130463	175.180987237183	285.999199072779	0
F23F12.3	1	5	0	8	0	0	-0.922420464818292	112.566944716991	58.9205393214807	0.078452444412644	187.298526235983	197.821552158055	0
F29B9.9a	2	1	1	3	1	-1	0.0335256512422308	31.8388070146801	32.6108579270432	0.232264429967582	873.910786141315	1026.7378021827	0
F29B9.9a	1	1	1	4	1	-1	0.200405476216803	32.6108579270432	37.6195899027797	-0.123447954982865	1026.7378021827	942.454138041381	0
F29B9.9a	2	1	1	5	1	-1	-0.552712331647883	37.6195899027797	25.3284120938766	0.038091476371747	942.454138041381	967.695920150363	0
F29B9.9a	1	2	1	6	1	-1	0.178902801399924	25.3284120938766	28.8043583510352	-0.288091165066595	967.695920150363	792.347373823987	0
F29B9.9a	2	5	0	8	1	-1	0.259192334748637	31.5977388679273	38.0132511751488	0.0265731408513545	1049.27453945104	1068.79890739423	0
F31B9.3	1	1	1	5	0	0	0.0034969145206567	298.743802169133	299.471225345247	-1.00626699855634	58.7198839901172	28.7305131488637	0
F31B9.3	2	3	1	6	0	0	0.177776577096612	299.471225345247	338.874804129826	1.94145140243919	28.7305131488637	113.192481974855	0
F31B9.3	1	4	0	9	0	0	0.290456669313556	340.218598017582	416.319678502423	-1.29947679917274	46.8771450611504	18.4512157084623	0
F31C3.7	1	3	1	2	0	0	NA	NA	NA	-1.4244313619459	286.966143039985	106.286446963133	1
F31C3.7	2	8	0	5	0	0	NA	NA	NA	0.64020874465864	178.116981436689	278.163604577635	0
F33E2.6	1	5	1	1	0	0	0	0	0	-0.111029490772378	1449.69337917273	1342.23630637902	0
F33E2.6	2	3	1	6	0	0	0	0	0	0.960742737940951	825.349286821902	1607.33324404294	0
F33E2.6	1	1	1	9	0	0	0	0	0	0.569061011052687	1141.92725368962	1694.59849532982	0
F33E2.6	2	3	0	10	0	0	0	0	0	-0.243460113020825	1694.59849532982	1431.30077111641	0
F35F11.2	2	1	1	4	0	0	-1.12857106959574	15.7015241870949	6.63875115931406	0.854784572674947	181.379548650571	328.831350344656	0
F35F11.2	1	3	1	5	0	0	1.30536441171853	6.63875115931406	17.8788791250893	-0.725327296100303	328.831350344656	198.501727210331	0
F35F11.2	2	2	1	8	0	0	0.239058826819119	7.89943471698183	9.50331279378721	-0.25520808248304	350.429500699581	293.450928082802	0
F35F11.2	1	3	0	10	0	0	0.221727512711645	10.5843986059938	12.5089042944811	-1.20631578571802	220.443471885312	94.9678236759703	0
F37D6.6	2	6	1	3	0	0	0.0906192930975527	66.8614947308281	71.2607636183537	1.00158884138901	57.7358477330599	116.601138418224	0
F37D6.6	1	4	0	9	0	0	-0.0681309891090267	70.3245146740253	67.0345245046275	0.32942237277755	38.4392589501433	48.5558308117428	0
F39C12.1	2	3	1	6	1	-1	-1.56503644731097	2704.18046766976	913.267597129881	0.601291880886293	1320.29767243187	2003.50693095494	0
F39C12.1	1	4	0	9	1	-1	-1.05663799509512	3255.8349631515	1564.72692725275	-0.690261909477638	1229.11874350336	761.355427128127	0
F40E3.5.2	2	2	1	6	1	1	-0.327271047070965	34.2678516564213	27.1099843303861	0.666098430369783	9.14152691100208	15.0923309299807	0
F40E3.5.2	1	5	0	8	1	1	0.683507611284779	13.8240107547182	22.8079507050893	-0.549638451275052	10.0698132384937	6.56280030856106	0
F44G3.6.2	2	5	1	5	0	0	0.127337246884945	568.719682647904	621.291049596855	1.09262484224786	36.2105951272389	78.3559449514464	0
F44G3.6.2	1	3	0	10	0	0	0.0718793694125512	717.975038773247	754.70389243369	-1.30371382279865	34.9601981844548	13.56683195371	0
F47B10.1	2	3	1	2	1	-1	-0.520935523611637	4258.28056902264	2967.37681376818	0.58858090000169	238.755831009267	359.536869974055	0
F47B10.1	1	4	1	5	1	-1	0.191665153178464	3527.38978264887	4028.70742952013	-0.560884004599352	335.682003476837	227.232240359195	0
F47B10.1	2	4	0	9	1	-1	-0.43498405975469	3556.13964743517	2630.22305358946	0.379290634433262	358.141388267189	466.135975792731	0
F49C5.t3	2	2	1	1	0	0	NA	NA	NA	0.800151001215986	131.415503622128	229.572914431988	0
F49C5.t3	1	2	1	3	0	0	NA	NA	NA	-1.21006786650666	286.05488195016	123.078979441459	0
F49C5.t3	2	3	1	5	0	0	NA	NA	NA	1.02363636333193	112.546444314391	229.844105190909	0
F49C5.t3	1	5	0	8	0	0	NA	NA	NA	-0.110827302368775	173.200787702092	160.319836109134	0
F52A8.4a	1	2	1	1	1	-1	0.26099384759811	61.3951851818366	73.7683944395433	-0.118691524194618	84.0028513349287	77.2895478587693	0
F52A8.4a	2	1	1	3	1	-1	0.287835762478387	84.9034853724801	103.871621545397	0.27128927892584	66.9210962360467	80.9730127904334	0
F52A8.4a	1	2	1	4	1	-1	-0.0923582213941287	103.871621545397	97.3683503366062	-0.0840116895153011	80.9730127904334	76.3358491871524	0
F52A8.4a	2	6	1	6	1	-1	-0.674438883985947	108.763181344294	67.7749608259652	0.435648940705723	65.296620792872	88.6674442136366	0
F52A8.4a	1	1	0	12	1	-1	1.10786079068081	56.5741890787	123.087249665774	0.0565337868167628	53.1609061230641	55.3254003352528	0
F54D10.3	2	1	1	4	0	0	-0.673133658682196	67.6373349597934	42.045424008989	1.06133330925536	2204.0854081556	4600.70291062568	0
F54D10.3	1	8	0	5	0	0	0.838721923345309	42.045424008989	75.9852362816297	-1.19250403650439	4600.70291062568	2012.44185283631	0
F54E2.3j	2	1	1	1	0	0	0.66542439708091	972.877549804488	1543.60365364744	1.04489128156514	48.4433621195295	101.012082350075	0
F54E2.3j	1	1	1	2	0	0	-0.847304298382289	1543.60365364744	857.525202262049	-1.08048545044775	101.012082350075	47.2384208725035	0
F54E2.3j	2	7	1	3	0	0	-2.58059333817799	857.525202262049	142.521527236707	0.297863272743477	47.2384208725035	58.3005692091121	0
F54E2.3j	1	3	0	10	0	0	-1.17943171149583	186.991042039224	82.002817041598	-0.453995917142974	30.1046151032805	21.7069311259361	0
F55C7.7g.2	2	3	1	6	0	0	-1.05761565348134	551.265439690255	264.322347221264	2.68332213466326	9.14152691100208	64.142406452418	0
F55C7.7g.2	1	4	0	9	0	0	-0.96594858896888	452.357688984271	231.092702897531	0.913194603875235	4.68771450611504	9.71116616234856	1
F55C9.1	2	3	1	6	0	0	0.473958011101094	11.9192527500596	16.9437402064913	2.43121444046012	26.1186483171488	145.263685201064	0
F55C9.1	1	4	0	9	0	0	0.332437905051076	15.2053004700595	19.4047307776553	-0.24722980521015	39.3768018513663	33.0179649519851	1
F56B6.4c	2	1	1	2	1	-1	-0.0965459605167833	516.378761076803	482.888573055981	1.09007692851465	9.94815962538614	22.3070320786822	0
F56B6.4c	1	5	1	3	1	-1	-0.220595075221901	482.888573055981	414.278676628734	-0.91786469459049	22.3070320786822	11.3362217906607	0
F56B6.4c	2	1	1	8	1	-1	0.718824176122684	227.108748113227	374.430524075216	-1.04743267376008	28.1954770677824	13.1256006171221	0
F56B6.4c	1	1	1	9	1	-1	-0.608684517959695	374.430524075216	245.20523437219	1.09305596709358	13.1256006171221	29.1334984870457	0
F56B6.4c	2	3	0	10	1	-1	0.0759695889990386	245.20523437219	258.517355419275	-0.693207701134992	29.1334984870457	17.6368815398231	0
F57A10.2	2	1	1	2	0	0	-0.59966963461186	16.5978887488973	10.61293567156	0.886088746851597	170.649199727778	316.23498417426	0
F57A10.2	1	10	0	3	0	0	0.624978945568461	10.61293567156	16.9093337399483	-0.573687604492993	316.23498417426	212.149293510936	0
F57F5.1	1	1	1	9	0	0	0.312511200733718	32060.3760411205	39814.97942288	0.634700239371269	60.9402885794955	95.1694283910159	0
F57F5.1	2	2	1	10	0	0	0.110558074579941	39814.97942288	42986.1546688567	0.151548952485918	95.1694283910159	105.821289238938	0
F57F5.1	1	1	0	12	0	0	-0.554138827258658	39555.2586491	26939.3230518501	-0.42048558526927	79.7413591845962	59.3277713922651	0
H24K24.5a	2	4	0	9	1	-1	-0.116820832356277	285.099383813616	262.845898715513	-0.000768659171793473	427.519562957692	427.291311143336	0
K03H6.5b	1	1	1	1	0	0	-1.15202846815319	29.9104748321768	12.9094690269201	-0.432563756698848	848.274192007931	628.26454249554	0
K03H6.5b	2	1	1	2	0	0	0.869314949025506	12.9094690269201	24.409752044588	0.442642621367801	628.26454249554	854.228110777772	0
K03H6.5b	1	1	1	3	0	0	-0.0854541391815005	24.409752044588	22.9483815042156	-0.570469932441753	854.228110777772	574.908390812077	0
K03H6.5b	2	1	1	4	0	0	0.313830342263937	22.9483815042156	28.7679216903609	0.580586538810934	574.908390812077	860.246300455217	0
K03H6.5b	1	3	1	5	0	0	0.0490843435769985	28.7679216903609	29.7981318751489	-0.676022425702977	860.246300455217	538.044155333265	0
K03H6.5b	2	1	1	8	0	0	0.812836765621081	15.7988694339637	28.5099383813616	-0.457600886614424	761.277880830125	554.087854622798	0
K03H6.5b	1	1	1	9	0	0	-0.103816928837601	28.5099383813616	26.4609965149845	0.405350312033878	554.087854622798	734.164161873551	0
K03H6.5b	2	1	1	10	0	0	-0.157088586831881	26.4609965149845	23.6279303340198	-0.475481327592622	734.164161873551	527.749762999321	0
K03H6.5b	1	2	0	11	0	0	-0.0596955673331578	23.6279303340198	22.62967563148	0.284284493099177	527.749762999321	642.914708425807	0
K07A1.17	2	2	1	2	0	0	-0.0935701886830298	1772.28567641003	1660.92443259914	0.878344426251543	269.365552933532	496.003419161287	0
K07A1.17	1	6	1	4	0	0	0.0304605183388684	1839.49394899581	1878.76657808588	-0.697554044956547	508.510520323922	313.172714613958	0
K07A1.17	2	2	1	10	0	0	0.108562728287337	2159.21731562274	2328.04607702842	-0.260838425992111	629.283567320186	525.036396608579	0
K07A1.17	1	1	0	12	0	0	-0.365033661527736	2381.77336021327	1849.10618247902	1.19189679246685	317.304158422039	726.175098938682	0
K08A2.4	2	5	1	3	0	0	0.0292119320142668	482.888573055981	492.786297564209	0.89769148271786	132.530014114524	247.777419138726	0
K08A2.4	1	2	1	8	0	0	-0.185334522504352	639.854212075528	562.596117392203	-0.257404535256644	157.089086520502	131.256006171221	0
K08A2.4	2	1	1	10	0	0	-0.190754824426914	599.782587672982	525.373980368204	-0.326709695329471	194.223323246971	154.661884272294	0
K08A2.4	1	2	0	11	0	0	-0.106394208188865	525.373980368204	487.952380803787	-0.779097658645695	154.661884272294	89.7090290826707	0
K08B4.6	2	2	1	6	1	1	0.136820555479911	1573.34136300786	1729.95587508276	0.858243265163432	151.488160239463	275.435039472148	0
K08B4.6	1	2	1	8	1	1	-0.431887290972519	2551.51741358513	1891.15924596365	-0.441154421126848	239.66155507615	176.258065429926	0
K08B4.6	2	2	1	10	1	1	0.0469762886806127	2901.88928447664	2997.96739591062	0.164391504469615	314.641783660093	352.737630796461	0
K08B4.6	1	1	0	12	1	1	0.588397183417966	2507.65093091338	3770.94573976054	-0.0841369114723172	227.595129339368	214.644923355737	0
K10B4.6a	2	1	0	12	1	1	1.20115869623195	100.419185614692	232.187311869529	0.505466007261088	742.591407406552	1054.58884612059	0
K10B4.6b	2	1	1	8	0	0	NA	NA	NA	-0.534516101029085	138.963422691213	95.6293759247468	0
K10B4.6b	1	1	1	9	0	0	NA	NA	NA	1.10499400106726	95.6293759247468	206.847839258024	0
K10B4.6b	2	3	0	10	0	0	NA	NA	NA	-0.285033579891312	206.847839258024	169.585399421376	0
K10G6.3r	2	1	1	5	0	0	0.0478922278094203	1186.12354046411	1226.19312666238	1.40321128057345	451.164441990734	1194.92816050956	0
K10G6.3r	1	2	1	6	0	0	-2.50502063654115	1226.19312666238	215.185500622439	-0.405705504078572	1194.92816050956	901.766773066347	0
K10G6.3r	2	1	1	8	0	0	1.67249079003287	416.695181320791	1330.46379113021	-1.04513189884115	1452.06706899079	703.157175917256	0
K10G6.3r	1	4	0	9	0	0	-1.14386833923153	1330.46379113021	601.546654107315	0.237793571355571	703.157175917256	829.333590264567	0
M01D7.5	1	1	1	4	0	0	-0.685350274331125	100.248192886837	61.9616774869312	-1.05917697969887	239.680117859683	114.503773780729	0
M01D7.5	2	1	1	5	0	0	0.657811234602105	61.9616774869312	98.3338351879914	0.788461248147228	114.503773780729	198.501727210331	0
M01D7.5	1	7	0	6	0	0	-0.300868671698918	98.3338351879914	79.6355789705091	-2.23073376665696	198.501727210331	41.5039100574469	0
M01E5.1	2	1	1	4	0	0	0	0	0	0.709102527770078	140.893042255354	230.964877027794	0
M01E5.1	1	8	0	5	0	0	1.31609162211243	0	1.48990659375745	-0.937162198523278	230.964877027794	120.145782258884	0
M142.6c	2	3	1	6	0	0	-0.956725824096099	3338.88067661044	1719.78963095887	2.34699969270331	79.6618773673038	409.379476475726	0
M142.6c	1	4	0	9	0	0	-0.361076817671986	3761.41120378098	2928.35028099162	-0.166967669723326	86.2539469125168	76.7182126825536	1
R05G6.5	2	7	0	6	0	0	-0.572297890432182	35.7577582501787	23.7212362890878	0.313911449672794	394.391589588947	490.500755224373	0
R07H5.9	2	1	1	2	0	0	1.07217608115831	5.53262958296575	12.735522805872	1.90819011763362	48.2103120307175	183.704970059736	1
R07H5.9	1	10	0	3	0	0	0.282067945794964	12.735522805872	15.7015241870949	-0.77573672882334	183.704970059736	106.884376883372	0
R08E3.3b	1	1	1	3	0	0	-0.022447241253932	818.257340277277	805.608971753253	-0.814255433297922	208.636358853557	118.220598674033	0
R08E3.3b	2	6	1	4	0	0	0.167773877968905	805.608971753253	905.083074719817	1.18003531068587	118.220598674033	269.132801621371	0
R08E3.3b	1	3	0	10	0	0	0.0867830050760539	841.459689176508	893.691717927924	-0.153736094413508	122.360693645592	109.891338825051	0
R11G10.3	1	2	1	2	0	0	0.920742905434202	7.37683944395433	14.858109940184	-0.848198014640078	189.780275930443	104.974268605563	0
R11G10.3	2	1	1	4	0	0	-0.538300069301125	22.9483815042156	15.4904193717328	0.535953560616168	127.937360208885	185.946299302038	0
R11G10.3	1	1	1	5	0	0	-0.964684582160797	15.4904193717328	7.44953296878723	-0.56497547363174	185.946299302038	125.369511922314	0
R11G10.3	2	3	1	6	0	0	1.21671289322915	7.44953296878723	18.6381142271404	0.72253421464078	125.369511922314	207.519550287235	0
R11G10.3	1	1	1	9	0	0	-0.336958834863118	11.4039753525446	8.82033217166151	0.745012433762467	161.257379010357	270.941535929525	0
R11G10.3	2	3	0	10	0	0	1.74718762448781	8.82033217166151	31.9671998636738	-0.206306859635501	270.941535929525	234.706192799184	0
T06C12.7	2	1	1	3	0	0	-0.0509162897327746	251.526575415972	242.769720123544	0.275873609555783	354.288156543776	429.156967789297	0
T06C12.7	1	1	1	4	0	0	-0.545940570125691	242.769720123544	165.968778982851	-0.308068972761665	429.156967789297	346.447315541691	0
T06C12.7	2	4	1	5	0	0	0.510747487514961	165.968778982851	236.895148407434	0.415152682254648	346.447315541691	462.300075213534	0
T06C12.7	1	4	0	9	0	0	0.154765628861497	218.576194257106	243.441167937858	-1.47147903216186	273.762527157118	98.0827782397204	0
T07F10.6	1	1	1	2	0	0	0.371201412744129	20.2863084708744	26.5323391789	-0.355236387715295	196.667463363403	153.524867835636	0
T07F10.6	2	2	1	3	0	0	0.481559816169814	26.5323391789	37.442096138457	0.485782891182065	153.524867835636	215.388214022553	0
T07F10.6	1	5	1	5	0	0	-0.435954393076576	26.5550046372562	19.3687857188468	-1.08407391374403	197.690276100061	92.7212015258782	0
T07F10.6	2	2	1	10	0	0	0.0929845564607428	24.6969300806522	26.4076868439044	0.0867778526841834	186.454390317092	198.075746524167	0
T07F10.6	1	1	0	12	0	0	0.324230063703111	28.28709453935	35.6673280281505	0.253104753882894	164.46655331823	196.19792625788	0
T13H2.5a	2	1	1	2	0	0	-0.387360185923221	4256.43635916165	3253.9260769003	0.27070197234959	418.587947314325	505.188667664274	0
T13H2.5a	1	3	1	3	0	0	-4.29979697503627	3253.9260769003	164.26209918807	-0.347748852544967	505.188667664274	396.767762673124	0
T13H2.5a	2	4	1	6	0	0	-0.692474763311703	4110.65229217679	2543.25540499434	0.75480686116018	432.263629648813	730.091508737816	0
T13H2.5a	1	3	0	10	0	0	-1.40539994718332	3134.7460538085	1182.78639495593	-0.676894032277333	375.822130482889	234.706192799184	0
T26C11.5	2	1	0	12	0	0	0.0423342597405441	393.190614096965	404.929077025473	-1.30770638062145	244.207912502826	98.0548247693332	1
T26C11.9	2	1	0	12	0	0	1.14697525501532	15.5579019966425	35.6673280281505	-1.12647270865664	43.1932362249896	19.2420144738481	0
T26C12.4	2	1	1	3	0	0	-0.765087513028139	21.22587134312	12.0780955285345	0.987771594476698	152.212689478067	302.839067836221	0
T26C12.4	1	9	0	4	0	0	0.126591152328204	12.0780955285345	13.2775023186281	-1.40764344793735	302.839067836221	113.52510904756	0
T28C6.8	2	1	1	8	1	1	-0.290987006303423	404.846029245319	330.715285223795	-2.65024755720947	52.3630288401673	7.50034320978407	0
T28C6.8	1	4	0	9	1	1	0.19709488574887	330.715285223795	379.274283381445	0.680611983604927	7.50034320978407	12.6245160110531	0
VF11C1L.1	1	1	1	4	0	0	1.79727498568865	611.151633743847	2126.6132880336	-0.423791275689167	417.820745998636	311.215385147621	0
VF11C1L.1	2	5	1	5	0	0	-0.0867606365491103	2126.6132880336	2002.43446201001	0.633046532008926	311.215385147621	483.194993867253	0
VF11C1L.1	1	3	0	10	0	0	-0.437896786541536	1813.46029449361	1338.45275950947	0.127459639131184	218.501238652843	238.776242385297	0
W02C12.3h.1	2	2	1	1	0	0	-0.158170732092769	1031.12426395136	923.94914035528	1.85161954767943	344.257083998358	1245.05043926948	0
W02C12.3h.1	1	3	1	3	0	0	-1.88876796945291	763.070074785165	205.327623985087	-0.627262120768417	1373.85074037531	889.083680438959	0
W02C12.3h.1	2	2	1	6	0	0	-1.56741306450533	905.863209004527	304.987323716843	0.496299389667737	899.787434525776	1269.64233948463	0
W02C12.3h.1	1	5	0	8	0	0	0.896728137291841	466.066648301928	868.602789352151	-0.0866196291242254	356.471388642677	335.640358637837	1
W02D3.1	2	4	1	1	0	0	0.0187147320971466	2037.06075962299	2063.67083444622	0.976361369971986	346.833858579184	683.362041959217	0
W02D3.1	1	1	1	5	0	0	0.145711950725115	1792.4628130148	1983.06567629116	-0.637130962984706	713.446590479924	458.382277965961	0
W02D3.1	2	2	1	6	0	0	0.230244231097201	1983.06567629116	2326.37553035125	0.677783237228368	458.382277965961	733.864591470311	0
W02D3.1	1	5	0	8	0	0	-0.330283488134194	2877.36909566063	2288.39772074396	-0.155713741004927	306.122322450209	274.700070058341	0
W02G9.1	2	10	0	3	1	-1	-0.76516463433062	177.236025715052	103.871621545397	1.69760798803005	513.061737809691	1666.42460322712	1
W03F11.5	2	10	0	3	1	-1	-0.832382543158053	22.287164910276	12.0780955285345	0.464018053344009	421.209252779823	581.386231835312	0
W05F2.6a	2	7	0	6	0	0	0.0536512675259306	3309.08254473529	3434.49613985578	0.891261466128476	655.578072760435	1216.81918122969	0
W06H8.6	1	1	1	4	0	0	1.89956373317129	158.223051423802	593.061770232056	-1.19871589732343	733.615495881327	319.04470301297	0
W06H8.6	2	4	1	5	0	0	0.0704265589198929	593.061770232056	622.780956190612	1.25713061305202	319.04470301297	763.970463276602	0
W06H8.6	1	4	0	9	0	0	-0.673692747857171	478.966964806875	299.891293836491	0.531216820437328	361.891559872081	523.431856150587	0
W09B6.5	2	1	1	4	1	1	1.38374328950877	3.62342865856036	11.0645852655234	1.75739266482684	9.71676153485201	35.2319303940703	0
W09B6.5	1	3	1	5	1	1	-0.793696559331737	11.0645852655234	5.95962637502978	-2.26660464758617	35.2319303940703	6.5296620792872	0
W09B6.5	2	2	1	8	1	1	0.437242887721982	3.94971735849091	5.70198767627232	-0.0984727503371454	22.1535891246862	20.6259438269062	0
W09B6.5	1	3	0	10	1	1	-1.39662724190897	5.2921993029969	1.38987825494234	0.0633467040954914	15.5378658597577	16.280198344452	0
W09H1.2	2	1	1	10	0	0	0.903270066287015	1.7640664343323	4.16963476482702	-0.655299168207605	68.9492797526748	43.4138622518721	0
W09H1.2	1	2	0	11	0	0	-1.09842469922334	4.16963476482702	1.4143547269675	-0.523262682867445	43.4138622518721	29.9030096942236	0
W10D5.1	2	1	1	4	0	0	0.354332449967985	228.276005489303	292.105051009819	0.466826441916885	409.723444719593	566.646880504631	0
W10D5.1	1	3	1	5	0	0	0.242096597177738	292.105051009819	345.658329751727	-0.438393461765534	566.646880504631	417.898373074381	0
W10D5.1	2	1	1	8	0	0	-0.0801949291173738	227.108748113227	214.774869139591	-0.731944676457097	600.160869014225	360.954016970858	0
W10D5.1	1	3	1	9	0	0	-0.0944320157561398	214.774869139591	201.103573513882	0.505258863337923	360.954016970858	512.749573372004	0
W10D5.1	2	1	0	12	0	0	-0.0549262325880271	264.484333942922	254.56681180876	0.500135988484287	568.157184190248	803.98568340618	0
Y102A5C.3	2	1	1	3	0	0	NA	NA	NA	0.866457065810529	375.283010264889	685.031688207067	0
Y102A5C.3	1	1	1	4	0	0	NA	NA	NA	-0.917884640901505	685.031688207067	362.105951272389	0
Y102A5C.3	2	1	1	5	0	0	NA	NA	NA	0.399548528356334	362.105951272389	477.971264203823	0
Y102A5C.3	1	4	1	6	0	0	NA	NA	NA	-0.508028276149199	477.971264203823	335.80436319207	0
Y102A5C.3	2	2	1	10	0	0	NA	NA	NA	0.0358633407490725	496.240590896011	508.756198264127	0
Y102A5C.3	1	1	0	12	0	0	NA	NA	NA	-0.403126288788757	368.803786228757	278.652205254364	0
Y102A5C.6	2	4	0	9	0	0	NA	NA	NA	0.375857914360513	492.210023142079	638.994733482535	0
Y108G3AL.7f	2	2	0	11	0	0	0.764747236582409	2240.48374696705	3807.44292499651	-0.029633294370937	352.737630796461	345.545889799917	0
Y110A7A.20	2	1	1	4	0	0	-0.103957321194406	4.83123821141381	4.42583410620937	0.59421221165312	17.8140628138954	27.4026125287214	0
Y110A7A.20	1	8	0	5	0	0	-0.44714422594885	4.42583410620937	2.97981318751489	-1.15514265739802	27.4026125287214	11.753391742717	0
Y20F4.4a	2	1	1	10	1	-1	-0.813132359424317	379.274283381445	215.431129516063	-0.243997146617961	4502.09663286479	3801.42631342955	0
Y20F4.4a	1	2	0	11	1	-1	1.0986426313109	215.431129516063	462.493995718372	-0.0898859784322941	3801.42631342955	3571.74838014337	0
Y22F5A.3b	2	5	1	6	0	0	0.0921091896483155	286.06206600143	304.987323716843	1.25602647566029	202.419524457903	484.84113112563	0
Y22F5A.3b	1	2	0	11	0	0	-0.385237311937103	240.448938105025	183.866114505775	0.178703148826079	162.80198344452	184.401893114379	0
Y2H9A.3	1	3	1	1	1	-1	1.2700384510326	6.29694206993196	16.5978887488973	-0.685091379913207	57.204395694338	35.2011802129048	0
Y2H9A.3	2	1	1	4	1	-1	0.256523594096445	7.24685731712072	8.85166821241875	1.16276546945099	45.3448871626427	102.759796982705	0
Y2H9A.3	1	3	1	5	1	-1	1.04792003065606	8.85166821241875	19.3687857188468	-1.93589038521467	102.759796982705	26.1186483171488	0
Y2H9A.3	2	1	1	8	1	-1	0.128529937444067	13.8240107547182	15.2053004700595	-1.38032718677611	84.5864312033472	31.8764586415823	0
Y2H9A.3	1	1	1	9	1	-1	-0.484282620702635	15.2053004700595	10.5843986059938	0.963777570977435	31.8764586415823	63.1225800552656	0
Y2H9A.3	2	1	1	10	1	-1	0.363011296126623	10.5843986059938	13.8987825494234	-0.668485044018917	63.1225800552656	39.3438126657591	0
Y2H9A.3	1	2	0	11	1	-1	-0.884236824888376	13.8987825494234	7.0717736348375	0.184716347961842	39.3438126657591	44.8545145413354	0
Y38F2AR.10	2	1	1	5	0	0	-0.964684582160797	15.4904193717328	7.44953296878723	0.722567875966441	200.626270299567	331.70683362779	0
Y38F2AR.10	1	7	0	6	0	0	0.60601648075186	7.44953296878723	11.8606181445439	-0.199986513393256	331.70683362779	288.640829035881	0
Y39B6A.25	2	1	1	1	0	0	-2.05257971315499	3.14847103496598	0	0.4327006843362	13.9145827364606	19.1310762026657	0
Y39B6A.25	1	1	1	2	0	0	2.65683219814118	0	5.30646783578001	-0.511501988531937	19.1310762026657	13.1217835756954	0
Y39B6A.25	2	5	1	3	0	0	-1.51421646850875	5.30646783578001	1.20780955285345	0.413889114204733	13.1217835756954	17.8140628138954	0
Y39B6A.25	1	5	0	8	0	0	0	0	0	0.351681329609702	10.0698132384937	13.1256006171221	0
Y40A1A.4	1	12	0	1	0	0	NA	NA	NA	-1.43668839494763	921.45459010339	339.767913359342	0
Y41C4A.12a	2	10	0	3	0	0	0.0450391025444281	125.232640924408	129.235622155319	0.350031986305058	674.459675790745	859.933395834403	0
Y45F10A.3b	1	1	1	1	0	0	0.113517724155392	124.364605881156	134.627319852167	-0.503251364900947	530.815563650163	374.20385052414	0
Y45F10A.3b	2	11	0	2	0	0	0.171666042865492	134.627319852167	151.764980103308	0.315201989153035	374.20385052414	465.823316937187	0
Y46G5A.19b.2	2	1	0	12	0	0	0.415775074999475	446.93609372173	596.553545255144	-1.33215308448056	943.606083684388	374.173971858586	1
Y47H10A.1	2	1	0	12	1	1	-1.57663875577279	35.3588681741875	11.1897499696158	-2.33568387129375	551.54440102679	108.460209969649	1
Y48B6A.10	2	3	1	6	0	0	0.00427029814869329	214.546549501072	215.185500622439	2.32131267450598	84.8856070307336	428.244890138202	0
Y48B6A.10	1	4	0	9	0	0	0.0675334378779553	279.397396137344	292.835028099162	0.0452307101374334	253.136583330212	261.230369767176	0
Y48E1B.11	2	2	1	1	0	0	0.221835335537867	31.4847103496598	36.8841972197717	0.733512401866632	758.087081679019	1261.12054327972	0
Y48E1B.11	1	2	1	3	0	0	0.463786983635795	43.5130362533961	60.3904776426726	-0.114483641333837	1225.57458596995	1132.00271881026	0
Y48E1B.11	2	1	1	5	0	0	0.0446208013989011	33.1937557965703	34.2678516564213	0.931881897278641	649.833382823964	1240.63579506457	0
Y48E1B.11	1	2	1	6	0	0	-0.163059926307275	34.2678516564213	30.4987323716843	-0.144252058011691	1240.63579506457	1122.49211291731	0
Y48E1B.11	2	5	0	8	0	0	-0.38449349273393	37.5223149056637	28.5099383813616	-0.204161186840338	1605.1282302159	1393.18875121739	0
Y53F4B.16	1	2	1	2	0	0	-0.409573823992357	7.37683944395433	5.30646783578001	-0.368601538953785	2468.67407319198	1911.84386697882	0
Y53F4B.16	2	1	1	4	0	0	-0.603999508838855	7.24685731712072	4.42583410620937	0.332599793058144	2197.60756713236	2767.66386540086	0
Y53F4B.16	1	3	1	5	0	0	0.63902666330303	4.42583410620937	7.44953296878723	-0.461398801784966	2767.66386540086	2009.8299880046	0
Y53F4B.16	2	5	0	8	0	0	-0.528293113667988	5.92457603773637	3.80132511751488	-0.145722566844219	3868.82224622928	3497.03502156182	0
Y54F10BM.12	2	1	1	5	0	0	-0.00240620245921086	64.1745945400359	64.0659835315702	1.74041892655265	50.8905661247682	172.383078893182	0
Y54F10BM.12	1	7	0	6	0	0	-0.150788251732964	64.0659835315702	57.6087167020704	-0.834732900370403	172.383078893182	96.2136096786269	0
Y55F3AM.10	1	2	1	6	0	0	-0.803154819470643	95.3540220004765	54.2199686607721	-0.684588463839269	1965.42828586545	1222.47880532844	0
Y55F3AM.10	2	1	1	8	0	0	-0.25008841647648	61.2206190566091	51.3178890864509	-0.257188719822256	1707.84032524853	1428.81538146386	0
Y55F3AM.10	1	1	1	9	0	0	0.262134663395965	51.3178890864509	61.7423252016305	0.465518900690855	1428.81538146386	1973.30896418923	0
Y55F3AM.10	2	1	1	10	0	0	-0.0795861402383879	61.7423252016305	58.3748867075782	-0.385855196706864	1973.30896418923	1509.98839644793	0
Y55F3AM.10	1	2	0	11	0	0	0.0581566964692328	58.3748867075782	60.8172532596025	-0.0647717170098794	1509.98839644793	1443.65085690446	0
Y55F3BR.2c	2	3	1	3	0	0	-2.22663299061275	393.739913414877	83.3388591468883	0.871305448365664	738.756415311652	1352.24931360024	1
Y55F3BR.2c	1	2	1	6	0	0	-0.718752354600163	357.577582501787	216.879874643089	-0.21390768182826	1046.05186510181	901.766773066347	0
Y55F3BR.2c	2	1	1	8	0	0	0.604015181500284	254.756769622664	387.735161986518	-0.426496499629231	1131.84700800669	841.913525298261	0
Y55F3BR.2c	1	1	1	9	0	0	-0.598200648999761	387.735161986518	255.789632978184	0.278806104644412	841.913525298261	1021.61468027907	0
Y55F3BR.2c	2	1	1	10	0	0	-0.674996603973771	255.789632978184	159.835999318369	-0.205396311315914	1021.61468027907	885.914126577266	0
Y55F3BR.2c	1	2	0	11	0	0	1.08183195914331	159.835999318369	339.4451344722	-0.277024768028806	885.914126577266	730.962459192132	0
Y66D12A.3	1	8	0	5	0	0	1.30536441171853	6.63875115931406	17.8788791250893	-0.95724291345753	490.311031317479	252.044956260486	0
Y71H2AL.1	2	3	1	3	1	1	0.288422575421276	679.227882979841	829.765162810322	0.47780292026763	488.13034901587	680.173307439641	0
Y71H2AL.1	1	2	1	6	1	1	0.0890752498508132	668.968060597093	711.637088672634	-0.196296322799441	709.12130181059	618.785568129209	0
Y71H2AL.1	2	5	0	8	1	1	-0.518035017990178	876.837253584983	612.013343919896	-0.145189753995389	801.557133784099	724.720662645385	0
Y75B12B.4	2	2	1	6	0	0	-0.138293723071156	207.097016532285	188.075516292053	2.09391900260275	79.6618773673038	343.350528657061	0
Y75B12B.4	1	5	0	8	0	0	0.50466771453412	169.837846415109	241.384144962195	-1.39021898128059	171.186825054393	64.6904601843876	0
Y76A2B.3	2	1	1	8	0	0	0.40829974122299	1421.89824905673	1887.35792084614	-0.296520119591099	1675.61692288535	1364.12492127948	0
Y76A2B.3	1	1	1	9	0	0	-0.139842142948078	1887.35792084614	1712.90850773666	0.399347867850853	1364.12492127948	1799.47908988319	0
Y76A2B.3	2	1	1	10	0	0	-0.148241639872971	1712.90850773666	1545.54461949588	-0.183346543118164	1799.47908988319	1584.60597219333	0
Y76A2B.3	1	2	0	11	0	0	0.314391383522626	1545.54461949588	1922.10807394883	-0.0885928022608891	1584.60597219333	1490.16664976214	0
ZC123.4c	2	1	0	12	1	1	1.4615307018742	60.8172532596025	169.24496829044	0.398385609800775	1162.89482144203	1533.05084512641	0
ZC317.6	1	1	1	1	0	0	0.199114021813881	6.29694206993196	7.37683944395433	-1.2583762301592	81.9414316702679	33.6706941166916	0
ZC317.6	2	1	1	2	0	0	0.471254794606855	7.37683944395433	10.61293567156	0.94199862425423	33.6706941166916	65.6089178784771	0
ZC317.6	1	1	1	3	0	0	-0.722280541100462	10.61293567156	6.03904776426726	-0.627827765818848	65.6089178784771	42.1059666510254	0
ZC317.6	2	1	1	4	0	0	-1.13149653996575	6.03904776426726	2.21291705310469	0.843249754954538	42.1059666510254	76.3358491871524	0
ZC317.6	1	8	0	5	0	0	2.00756698613665	2.21291705310469	11.9192527500596	-2.00380378672608	76.3358491871524	18.2830538220042	0
ZC334.14	2	1	1	4	0	0	NA	NA	NA	1.86715031253794	12.9556820464693	49.9119013915996	0
ZC334.14	1	8	0	5	0	0	NA	NA	NA	-1.40066939986998	49.9119013915996	18.2830538220042	0
ZC416.1	1	1	1	4	1	-1	0.317613866525638	49.5201916669916	61.9616774869312	-0.593754094806583	1449.41692894876	960.070103238416	0
ZC416.1	2	8	0	5	1	-1	0.44859852489953	61.9616774869312	84.9246758441744	0.260833985691557	960.070103238416	1150.5264583704	0
ZK1098.6	1	1	1	1	1	1	-0.16633103246297	45.6528300070067	40.5726169417488	-2.15534951474767	71.6343333469638	15.3048609621325	0
ZK1098.6	2	2	1	2	1	1	0.488106109884481	40.5726169417488	57.3098526264241	2.16594636731652	15.3048609621325	72.1698096663248	0
ZK1098.6	1	4	1	4	1	1	-0.40197113421842	47.1045725612847	35.406672849675	-1.56105019177877	71.2562512555814	23.4879535960469	0
ZK1098.6	2	1	1	8	1	1	-0.193976861863826	63.1954777358546	55.1192142039658	-3.22428111344421	104.726057680335	10.3129719134531	0
ZK1098.6	1	4	0	9	1	1	-0.941288675849994	55.1192142039658	28.2250629493168	1.98230485234429	10.3129719134531	43.7002477305685	1
ZK662.3b	2	1	1	2	0	0	-0.641696626728521	767.191302171251	491.378921593229	0.332417806902761	265.539337692999	334.605481180233	0
ZK662.3b	1	1	1	3	0	0	-2.00124247257928	491.378921593229	121.988764838199	-0.255340928200447	334.605481180233	280.1666242549	0
ZK662.3b	2	5	1	4	0	0	2.61062997318123	121.988764838199	750.178881002489	0.345443896411334	280.1666242549	356.233962873378	0
ZK662.3b	1	4	0	9	0	0	-0.70072534271433	731.755085121615	449.836940754737	-0.0572428903550986	233.448182404529	224.327938350252	0
