A1 A2 A3 A4 A5 A6 A8 A9 A10 A11 A12 A13 B1 B2 B3 B4 B5 B6 B8 B9 B10 B11 B12 B13 PMA A25 B25 C25 D25 F25 G25 H25 I25 J25 K25 L25 A100 B100 C100 D100 F100 G100 H100 I100 J100 K100 L100
B0250.7b 1 1 1 1 1 1 1 2 1 1 1 1 1 1 1 1 1 1 1 1 1 1 1 1 2 2 2 2 2 1 2 2 2 2 2 2 1 1 1 1 1 1 1 1 1 1 1
B0285.7 1 2 1 2 1 1 1 2 1 2 2 2 1 1 1 1 1 1 1 1 1 2 1 2 2 1 2 2 2 2 2 2 2 2 2 2 2 2 1 1 2 2 1 2 2 1 1
B0348.4u 1 1 1 1 2 2 1 2 2 2 2 1 2 2 2 2 1 2 2 2 2 2 2 1 1 1 1 1 1 1 1 1 1 1 2 2 1 1 1 1 1 1 2 1 2 2 1
B0348.5a 2 2 2 2 2 1 1 1 1 1 1 1 2 2 2 2 2 1 2 2 2 2 2 2 1 1 1 1 1 1 1 1 1 1 1 1 1 1 1 1 1 1 1 1 1 1 1
B0454.9 1 1 1 1 2 2 2 2 2 1 1 1 1 1 1 1 2 1 1 1 1 1 1 1 1 1 1 1 1 1 2 2 1 1 1 1 1 1 1 1 1 2 1 1 1 2 1
B0507.1 1 1 1 1 1 1 1 1 1 1 1 1 1 1 1 1 1 1 2 2 2 2 1 1 1 1 1 1 1 1 1 1 1 1 1 1 1 1 1 1 1 1 1 1 1 1 1
C03E10.3 1 1 1 1 1 1 1 1 1 1 2 2 1 1 1 1 1 1 1 1 1 2 2 1 1 1 1 2 1 1 1 1 1 1 1 1 1 1 1 1 1 1 1 1 1 1 1
C04A2.1.1 1 1 1 1 1 1 1 1 1 1 2 1 1 1 1 1 1 1 1 1 1 1 1 1 1 1 1 1 1 1 1 1 1 1 1 1 1 1 1 1 1 1 1 2 1 1 1
C04F12.5 1 1 1 1 1 1 1 1 1 1 1 1 1 1 1 2 2 2 1 1 1 1 1 1 1 1 1 2 1 1 1 2 1 1 1 1 1 1 1 1 1 1 1 1 1 1 1
C05C10.4.3 1 1 1 1 1 1 1 1 1 1 1 1 1 1 1 1 1 1 1 1 1 1 1 1 1 1 1 1 1 1 1 1 1 1 1 1 1 1 1 1 1 1 1 2 1 1 2
C05D11.13 1 1 1 1 1 1 1 1 1 1 1 1 1 1 1 1 1 1 1 1 1 1 1 1 1 1 1 1 1 1 1 1 1 1 2 1 1 1 1 1 1 1 1 2 1 1 1
C05E11.1 1 1 1 1 1 1 1 1 1 1 1 1 1 1 1 1 1 1 2 2 2 2 1 1 1 1 1 1 1 1 1 1 1 1 1 1 1 1 1 1 1 1 1 2 1 1 1
C06A1.3 1 1 1 1 1 1 1 1 1 1 1 1 2 2 1 1 1 1 1 1 1 1 1 1 1 1 1 1 1 1 2 1 1 1 1 2 2 1 2 1 2 1 2 2 1 2 2
C06H2.4 1 1 1 1 1 1 1 1 1 1 1 1 1 1 1 1 1 1 1 1 1 1 1 1 1 1 1 1 1 1 1 1 1 1 1 1 1 1 1 1 1 1 1 2 1 1 1
C09F5.1 1 1 1 1 1 1 1 1 1 1 1 1 1 1 1 1 1 2 2 1 1 1 1 1 2 2 2 2 2 2 2 2 2 2 1 2 1 1 1 1 1 1 1 2 1 2 1
C14C11.1 1 1 1 1 1 1 1 2 2 2 2 2 2 1 2 2 2 1 1 1 1 1 1 1 1 1 1 2 2 1 1 1 1 1 1 1 1 2 1 1 1 1 1 2 1 1 1
C14F5.3d 1 1 1 1 1 1 1 1 1 1 1 1 1 1 1 1 1 1 1 1 1 1 1 1 1 1 1 1 1 1 1 1 1 1 1 1 1 1 2 1 1 1 1 1 1 1 1
C16H3.3a 1 1 1 1 1 1 1 1 1 1 1 1 1 2 2 2 1 1 1 1 1 1 1 1 1 1 1 1 1 1 2 1 1 1 1 1 1 2 2 1 1 2 2 2 2 2 1
C18D4.6c 1 1 2 2 2 2 2 2 2 2 2 2 1 1 1 1 1 1 1 1 1 1 1 1 2 1 2 2 2 2 2 2 2 2 2 2 1 1 1 1 1 1 1 1 1 1 2
C27D8.3b 1 1 1 1 1 1 1 2 2 2 2 2 1 1 1 2 1 2 2 2 2 2 2 2 2 2 2 2 2 2 1 1 2 2 1 2 2 2 1 2 2 1 2 2 2 1 1
C27H5.11 2 2 1 1 2 1 1 1 1 2 2 1 1 1 1 1 1 1 1 1 1 1 1 1 2 2 1 2 1 2 2 2 2 2 2 2 1 2 2 1 2 1 2 1 2 2 2
C28A5.4 2 2 2 2 2 1 1 2 1 2 2 1 2 1 1 1 1 1 1 1 1 1 1 1 1 1 2 2 1 1 2 1 1 2 2 1 2 2 1 2 1 1 1 1 1 1 2
C30D11.1j 1 1 1 1 1 1 1 1 1 1 1 1 1 1 1 1 1 1 1 1 1 1 1 1 1 1 1 1 1 1 1 1 1 1 1 1 1 1 1 1 1 1 1 2 1 1 1
C34C12.5.1 1 1 1 1 1 1 1 2 1 2 1 2 1 1 1 1 1 1 2 2 1 2 2 2 1 1 2 2 1 2 1 1 2 2 2 1 1 1 1 1 2 2 1 1 1 1 1
C34C12.9 2 1 1 1 2 2 2 2 2 2 2 1 2 2 2 2 2 2 1 1 1 2 1 1 1 2 2 1 2 1 1 1 2 1 1 2 1 2 1 1 2 1 1 1 1 1 1
C36C9.1 1 1 1 1 1 1 1 1 1 1 1 1 2 2 2 1 1 1 2 1 1 1 1 1 1 1 1 1 1 1 2 1 1 1 1 2 2 1 2 2 2 2 2 2 2 2 1
C45E1.4 1 1 1 1 1 1 1 1 1 1 1 1 1 1 1 1 1 1 1 1 1 1 1 1 2 1 2 1 1 2 1 1 1 2 1 1 1 2 1 1 2 1 1 2 1 1 1
C47B2.8 1 1 1 1 1 1 1 1 1 1 1 2 1 1 2 2 2 2 2 2 2 2 2 2 2 1 2 2 2 2 2 1 2 2 2 2 2 2 1 2 2 1 1 2 2 1 1
C48E7.11 2 2 2 1 1 2 1 2 2 2 1 1 2 2 2 2 2 1 2 2 2 2 1 2 2 2 2 2 2 2 2 2 2 2 2 2 2 2 2 2 2 1 2 2 2 2 2
C52E4.2c 1 1 1 1 1 1 1 1 1 1 1 1 1 1 1 1 2 1 1 1 1 2 2 2 2 1 2 2 1 2 2 2 2 2 1 2 1 1 1 2 1 1 1 1 1 1 1
C53D6.12 1 1 1 1 2 1 1 1 1 1 1 1 1 1 1 1 1 1 1 1 1 1 1 1 2 2 2 2 2 2 1 2 2 2 2 2 1 1 2 1 1 1 1 1 1 1 1
C55C3.3 1 1 1 1 1 1 1 1 1 1 1 1 2 1 2 1 2 1 1 1 2 2 2 1 2 1 1 2 1 2 1 1 1 1 2 2 1 2 1 1 1 2 1 1 1 2 2
C55C3.6a 1 1 1 1 2 2 2 1 2 1 1 1 1 1 1 1 1 1 1 1 1 1 1 1 1 1 2 1 1 1 1 1 1 1 1 1 1 1 1 1 1 1 1 1 1 1 1
D2096.3.3 1 1 1 2 2 2 1 1 1 1 1 1 1 1 1 1 1 1 1 1 1 1 1 1 2 2 2 2 2 2 2 2 2 2 2 2 2 2 1 2 2 2 1 2 2 2 1
E03E2.t1 1 2 2 2 2 1 2 1 2 2 2 2 2 2 1 1 1 1 1 1 1 1 1 1 1 1 1 1 1 1 2 2 2 2 2 2 2 2 2 2 2 2 2 2 2 1 1
F01D4.4.3 1 1 1 1 1 1 1 1 1 1 1 1 1 2 1 1 1 1 1 1 2 2 2 1 1 1 1 1 1 1 1 1 1 1 1 1 2 1 1 1 1 1 1 1 1 1 1
F01F1.3 1 1 1 1 1 1 1 1 1 1 1 1 1 1 1 1 1 1 1 1 1 1 1 1 1 1 1 1 1 1 1 1 1 1 1 1 1 2 1 1 1 1 1 2 2 1 1
F07F6.1 1 1 1 1 1 1 1 1 1 1 1 1 1 2 2 2 2 1 2 2 1 1 1 1 1 1 1 1 1 1 2 1 1 1 1 2 1 1 1 1 1 2 2 1 2 2 1
F08G12.4 1 1 1 1 1 2 2 2 2 1 1 1 1 1 1 1 1 1 2 1 2 1 1 1 1 1 1 1 1 1 2 1 1 1 1 1 2 1 1 1 1 1 2 2 1 1 1
F11A6.2 1 1 1 2 1 1 1 1 1 1 1 1 1 1 1 1 2 1 1 2 2 2 2 2 2 2 2 2 2 2 2 2 2 2 2 2 1 1 1 1 1 1 1 1 1 1 1
F13H8.8 1 1 1 1 1 1 1 1 1 1 1 1 1 1 1 1 1 1 1 1 1 1 1 1 1 1 1 1 1 1 1 1 1 1 1 1 1 1 1 1 1 1 1 2 1 1 1
F15E6.12 1 1 1 1 1 1 1 1 1 1 1 1 1 1 1 1 1 1 1 1 1 1 1 1 1 1 1 1 1 1 1 1 1 1 1 1 1 1 1 1 1 1 1 2 1 2 2
F17A9.4 2 1 1 1 1 1 1 1 1 1 1 1 1 1 1 1 1 1 1 1 1 1 1 1 2 1 2 1 2 2 2 2 2 2 1 2 2 2 2 1 1 1 1 2 1 1 1
F19B2.6 1 1 1 1 1 2 2 2 1 1 1 1 2 2 2 2 2 2 2 2 1 1 1 1 1 1 1 1 1 1 2 1 1 1 1 2 2 1 1 1 2 2 2 2 2 2 1
F20D12.5 1 1 1 1 1 1 1 1 1 1 1 1 2 1 1 1 2 1 2 2 2 2 2 2 2 2 1 2 2 1 1 1 2 2 1 2 1 2 2 2 1 2 1 1 1 2 1
F22F7.5a 1 1 1 1 1 1 1 1 1 2 1 1 1 1 1 1 2 1 2 2 2 2 2 1 1 1 1 1 1 1 2 1 1 1 1 2 1 1 1 1 1 2 2 2 2 1 1
F22F7.5b 1 1 1 1 1 1 1 2 2 2 2 2 1 1 1 1 1 1 2 2 2 2 2 1 1 1 1 1 1 1 2 1 1 1 1 2 1 1 1 1 1 2 2 2 2 1 1
F22H10.10 1 1 1 1 1 1 1 1 1 1 1 1 1 1 1 1 1 1 1 1 1 1 1 1 1 1 1 1 1 1 1 1 1 1 1 1 1 1 1 1 1 1 1 1 1 1 2
F23F12.3 1 1 2 2 1 1 1 1 1 1 1 1 1 1 1 1 1 2 2 1 1 1 1 1 1 1 1 1 2 1 1 1 1 1 1 1 2 2 1 1 1 1 1 2 1 2 2
F26D10.9a 1 1 1 1 1 1 1 1 1 1 1 1 1 1 1 1 1 1 1 1 1 1 1 1 1 1 1 1 1 1 1 1 1 1 1 1 1 1 1 2 1 1 1 1 1 1 1
F29B9.9a 1 1 1 1 1 1 1 2 2 2 2 2 1 1 1 2 1 2 1 2 2 2 2 2 2 2 2 2 2 2 2 1 2 2 2 2 2 2 1 2 2 2 1 1 2 1 2
F31B9.3 2 2 2 1 1 1 1 1 1 1 1 1 2 2 2 2 2 1 2 2 1 1 1 1 1 1 1 1 1 1 2 2 1 1 1 2 2 1 1 1 2 2 2 2 2 1 1
F31C3.11 1 2 2 2 2 2 2 2 2 2 2 1 1 1 1 1 1 1 1 1 1 1 1 1 1 1 2 2 1 1 2 2 2 2 2 2 1 1 1 1 1 1 2 1 1 1 1
F31C3.6a 2 2 2 2 1 2 2 2 1 2 1 1 1 1 1 1 1 1 1 1 1 1 1 1 2 2 2 2 2 2 2 2 2 1 2 2 2 2 1 1 1 1 1 1 1 2 1
F31C3.7 1 2 2 2 2 2 2 2 2 2 2 2 2 2 1 1 1 2 2 2 2 2 2 2 1 1 1 1 1 1 2 1 1 1 1 1 1 1 2 1 1 1 1 1 1 1 1
F32B6.9 1 1 1 1 1 1 1 1 1 1 1 1 1 1 1 1 1 1 1 1 1 1 1 1 2 2 2 2 2 2 1 2 2 2 2 1 1 2 1 1 1 1 1 2 1 2 1
F33E2.6 1 2 1 2 2 1 2 2 1 2 1 1 2 1 1 1 1 1 2 2 1 2 2 2 1 1 1 1 1 1 1 1 1 1 1 1 1 1 1 1 1 2 1 1 1 2 2
F35F11.2 2 1 1 2 2 2 1 2 1 1 1 1 1 1 1 1 2 1 1 2 2 1 1 1 1 1 1 1 1 1 2 1 1 1 1 2 1 2 1 1 1 1 1 2 1 2 2
F37D6.6 1 1 1 1 1 1 1 1 1 1 1 1 1 1 1 2 2 2 2 2 1 1 1 1 1 1 1 1 1 1 1 1 1 1 1 1 1 1 1 1 1 1 1 2 1 2 1
F39C12.1 1 1 1 1 1 1 1 1 1 1 1 1 1 1 1 1 1 1 2 2 1 1 1 1 1 1 1 1 1 1 2 1 1 1 1 2 1 1 2 1 1 1 2 1 1 2 1
F39E9.6 1 1 1 1 1 1 1 1 1 1 1 1 1 1 1 1 1 1 1 1 1 1 1 1 1 1 1 1 1 2 1 1 1 1 1 1 1 1 1 1 1 1 1 1 1 2 1
F40E3.5.2 1 1 2 1 2 2 1 1 1 1 1 1 1 1 1 1 1 1 2 1 1 1 1 1 1 1 1 1 1 1 2 1 1 1 1 1 1 1 1 1 1 1 2 1 1 2 2
F44G3.6.2 1 1 1 1 1 1 1 1 1 1 1 1 1 1 1 1 1 2 2 2 2 1 1 1 1 1 1 1 1 1 1 1 1 1 1 2 1 1 1 1 1 1 2 1 2 1 1
F47B10.1 1 1 1 1 1 1 1 1 1 1 1 1 1 1 2 2 2 1 1 1 2 2 2 2 2 2 2 1 1 2 1 1 2 2 1 2 1 1 1 1 1 1 1 1 1 1 1
F48A11.1c 2 2 1 1 1 1 1 2 2 2 2 2 1 1 1 1 1 1 1 1 1 1 1 1 2 1 2 1 2 2 2 1 2 2 1 2 1 1 1 1 2 1 2 1 1 1 1
F49C5.4 1 1 1 1 1 1 1 1 1 1 1 1 1 1 1 1 1 1 1 1 1 1 1 1 1 1 1 1 1 1 1 1 1 1 2 1 1 1 1 1 1 2 1 2 1 2 1
F49C5.t3 1 2 1 2 2 1 2 1 1 1 1 1 1 2 2 1 1 2 2 1 1 1 1 1 1 1 1 2 1 1 1 1 2 1 2 2 2 2 2 2 2 2 2 2 2 2 2
F49E8.6 1 1 1 1 1 1 2 1 1 2 1 1 1 1 1 1 1 1 1 1 1 1 1 1 2 1 1 1 2 2 1 1 2 2 1 1 1 2 1 1 2 1 1 1 1 1 1
F52A8.4a 1 1 1 1 1 2 1 1 2 2 2 2 2 1 1 2 1 1 2 2 2 2 2 1 1 1 1 1 2 1 1 1 2 1 2 2 1 2 1 1 1 1 1 2 1 2 2
F53G12.7a 2 1 1 2 2 2 1 1 1 1 1 1 1 1 1 1 1 1 1 1 1 1 1 1 2 2 2 2 2 2 2 2 2 1 2 2 2 2 1 1 1 2 1 2 1 2 2
F54D10.3 1 1 1 1 2 2 1 1 1 1 1 1 1 1 1 1 2 1 1 1 1 1 1 1 1 1 1 1 1 1 1 1 1 1 1 1 1 1 1 1 1 1 1 2 1 1 1
F54D5.15b.2 1 1 2 1 2 2 1 2 1 2 2 1 2 2 2 2 2 2 2 2 2 2 2 2 1 1 1 1 1 1 2 1 1 1 1 2 1 1 1 1 1 1 1 2 1 1 1
F54E2.3j 1 1 1 2 1 1 1 1 1 1 1 1 1 2 1 2 2 2 2 2 2 1 1 1 1 1 1 1 1 1 1 1 1 1 1 1 1 1 1 1 1 2 2 2 1 1 1
F55C7.7g.2 1 1 1 1 1 1 1 1 1 1 1 1 1 1 1 1 1 1 2 2 1 1 1 1 1 1 1 1 1 1 1 1 1 1 1 1 2 1 1 1 1 1 1 1 1 1 1
F55C9.1 1 1 1 1 1 1 1 1 1 1 1 1 1 1 1 1 1 1 2 2 1 1 1 1 1 1 1 1 1 1 1 1 1 1 1 1 1 1 1 1 1 1 1 1 1 1 1
F56B6.4c 1 1 2 1 1 1 1 2 1 2 1 2 1 1 2 1 1 1 1 2 1 2 2 2 1 1 1 1 1 1 1 1 1 1 1 1 1 1 1 1 1 1 1 1 1 1 1
F56D12.4a 2 1 1 2 1 2 2 2 2 2 1 1 1 1 1 1 1 1 1 1 1 1 1 1 2 1 2 2 2 2 2 2 2 2 1 2 2 2 1 2 2 2 1 1 1 2 1
F57A10.2 2 2 2 2 2 2 2 2 1 2 1 1 1 1 2 1 1 1 1 1 1 1 1 1 1 1 1 1 1 1 1 1 1 1 1 1 1 1 1 1 1 1 1 2 1 2 2
F57F5.1 1 1 1 1 1 1 1 2 2 2 2 1 2 2 2 2 2 2 2 2 1 2 2 1 1 1 1 2 2 2 2 1 1 1 2 2 2 1 2 2 1 1 2 2 1 2 2
F59H6.2 1 1 1 1 1 1 1 1 1 1 1 1 1 1 1 1 1 1 1 1 1 1 1 1 1 1 1 1 1 1 1 1 1 1 1 1 1 1 1 1 1 1 1 2 1 2 2
H24K24.5a 1 1 1 1 1 1 1 1 1 2 2 1 1 1 1 1 1 1 1 1 2 2 2 2 2 1 2 2 2 2 2 1 2 2 2 2 1 2 1 2 1 1 1 1 1 2 2
K03H6.5b 2 2 2 1 2 2 2 2 1 2 2 2 2 1 2 1 2 1 1 2 1 2 1 1 1 1 1 1 1 1 2 1 1 1 1 2 1 1 1 1 2 1 2 2 2 2 1
K05C4.11 2 1 2 2 1 1 1 1 1 1 1 1 1 1 1 1 1 1 1 1 1 1 1 1 2 1 2 2 2 2 1 2 2 2 2 2 1 1 1 1 1 1 1 2 1 2 2
K07A1.17 1 1 1 1 1 1 2 2 2 2 2 1 1 1 2 2 1 1 1 1 1 2 2 1 2 2 2 2 2 2 1 2 2 2 1 2 1 2 1 1 2 1 1 2 2 2 1
K08A2.4 1 1 1 1 1 1 1 1 1 1 1 2 1 1 1 2 2 2 2 1 1 2 1 1 1 1 1 1 1 1 1 2 1 2 1 1 1 1 1 1 1 1 1 1 1 1 1
K08B4.6 1 1 1 1 1 1 1 1 1 1 2 1 1 1 1 1 1 1 2 1 1 2 2 1 2 1 2 1 2 2 1 1 1 2 1 1 2 2 1 1 1 1 1 2 1 1 2
K10B4.6a 1 1 1 1 1 1 1 1 1 2 1 1 1 1 1 1 1 1 1 1 1 1 1 2 2 2 2 2 2 2 2 2 2 2 2 2 1 1 1 1 1 1 1 1 1 1 1
K10B4.6b 1 1 1 1 1 1 1 2 1 2 2 2 1 1 1 1 1 1 1 2 1 2 2 2 2 1 2 1 2 1 1 1 1 2 2 1 1 1 1 1 1 1 1 2 2 1 1
K10G6.3r 1 1 1 1 1 1 1 1 1 1 1 2 1 1 1 1 1 2 1 2 1 1 1 1 2 2 2 2 2 2 2 1 1 2 1 2 2 2 2 1 2 2 1 1 1 2 1
M01D7.5 2 2 2 2 2 2 2 1 1 2 2 1 2 2 2 2 1 2 1 1 1 1 1 1 2 1 1 1 2 1 1 1 2 1 2 2 2 2 2 1 2 1 1 1 2 2 1
M01E5.1 1 1 2 2 2 2 2 2 2 1 1 1 1 1 1 1 2 1 1 1 1 1 1 1 1 2 2 2 1 2 1 2 2 1 1 1 1 1 1 1 1 2 1 1 1 2 1
M142.6c 1 1 1 1 1 1 1 1 1 1 1 1 1 1 1 1 1 1 2 2 1 1 1 1 1 1 1 1 1 1 1 1 1 1 1 1 1 1 1 1 1 1 1 1 1 1 1
M88.6a 2 1 1 1 1 1 1 1 1 1 1 1 1 1 1 1 1 1 1 1 1 1 1 1 2 1 2 2 2 2 2 2 2 2 2 2 2 1 2 2 2 2 1 2 1 2 1
M88.7 1 1 1 1 1 1 1 1 1 1 1 1 1 1 1 1 1 1 1 1 1 1 1 1 2 1 2 2 2 2 2 2 2 2 2 2 2 1 1 2 2 2 1 2 1 2 1
R01H10.6 1 1 1 1 1 1 1 1 1 1 1 1 1 1 1 1 1 1 1 1 1 1 1 1 1 1 1 1 1 1 1 1 1 1 1 1 1 1 1 1 1 1 1 2 1 1 1
R05G6.5 1 1 1 1 1 1 1 2 2 2 2 2 1 1 1 1 1 1 2 2 2 2 2 2 2 2 2 2 2 2 2 1 2 2 1 2 1 1 1 1 2 1 1 2 2 1 1
R07E5.4 1 1 1 1 1 1 2 1 1 1 2 1 1 1 1 1 1 1 1 1 1 1 1 1 2 1 2 1 1 2 1 2 2 2 2 1 1 1 2 1 2 1 2 1 1 2 1
R07H5.9 2 1 2 1 1 1 1 1 1 1 1 1 1 1 2 1 1 1 1 1 1 1 1 1 1 1 1 1 1 2 2 1 1 1 1 2 2 1 1 1 1 1 1 2 2 2 2
R08E3.3b 2 1 1 1 1 1 2 1 1 1 1 1 2 2 2 1 2 2 2 2 2 1 1 1 1 1 1 1 1 1 2 1 1 1 1 2 2 1 1 1 1 1 2 2 2 2 1
R11G10.3 1 1 1 1 1 1 1 2 2 2 2 2 2 2 1 1 2 1 2 2 1 2 2 2 1 1 1 1 1 1 1 1 2 1 1 2 2 2 1 1 2 1 1 1 2 1 2
R13F6.9 1 1 1 1 1 1 1 1 1 1 1 1 1 1 1 1 1 1 1 1 1 1 1 1 1 1 1 1 1 1 1 1 1 1 1 1 1 1 1 1 1 1 1 2 1 1 1
T05C3.6a 1 1 1 1 1 1 1 1 1 1 1 1 1 1 1 1 1 1 1 1 1 1 1 1 1 1 1 1 1 1 1 1 1 1 1 1 1 1 1 1 1 2 1 2 1 2 1
T05E11.9 1 1 1 1 1 1 1 1 1 1 1 1 1 1 1 1 1 1 1 1 1 1 1 1 2 2 2 1 2 2 1 1 1 1 2 1 1 1 1 1 2 1 1 1 1 1 1
T06C12.7 1 1 1 1 1 1 1 1 1 1 1 1 1 1 1 2 1 2 2 2 1 1 1 1 1 1 1 1 1 1 1 1 1 1 1 1 1 1 1 1 1 1 2 2 1 1 1
T07F10.6 1 1 1 1 1 1 1 2 2 2 2 2 2 2 1 2 2 1 1 1 1 2 2 1 2 2 2 1 2 1 2 1 2 2 2 2 1 2 1 1 1 1 1 2 1 2 1
T13H2.5a 1 1 1 1 1 1 1 1 1 1 1 1 1 1 2 1 1 1 2 2 2 1 1 1 1 1 1 1 1 1 2 1 1 1 1 1 1 1 1 1 1 1 2 2 2 2 1
T20F5.5 1 1 1 1 1 1 1 1 1 1 1 1 1 1 1 1 1 1 1 1 1 1 1 1 1 1 1 1 1 2 1 1 1 1 1 1 1 1 1 1 1 1 1 1 1 1 1
T24A11.3 1 1 1 1 1 1 1 1 1 1 1 1 1 1 1 1 1 1 1 1 1 1 1 1 1 1 1 1 1 1 1 1 1 1 1 2 2 1 1 1 1 1 1 1 1 1 1
T25D3.3 1 1 1 1 1 1 1 1 1 1 1 1 2 2 2 2 2 2 2 2 2 2 2 2 1 1 1 1 1 1 1 1 1 1 1 1 1 1 1 1 1 2 1 2 1 2 1
T26C11.5 1 1 1 1 1 2 1 1 1 1 1 1 1 1 1 1 1 1 1 1 1 1 1 2 1 1 1 1 1 1 2 1 1 1 1 1 1 1 1 1 1 1 2 2 2 2 1
T26C11.9 2 1 1 1 1 2 1 1 2 1 1 1 1 1 1 1 1 1 1 1 1 1 1 2 2 1 1 1 2 1 2 2 2 2 2 2 1 2 1 1 1 1 1 2 2 2 1
T26C12.4 1 1 1 1 1 1 1 1 1 1 1 1 1 1 1 2 1 1 1 1 1 1 1 1 1 1 1 1 1 1 1 1 1 1 1 1 1 1 1 1 1 1 1 2 1 1 1
T28C6.8 1 1 1 1 1 1 1 1 1 1 1 1 1 1 1 1 1 1 1 2 1 1 1 1 1 1 1 1 1 1 1 1 1 1 1 1 1 1 2 1 1 1 1 1 1 1 1
VF11C1L.1 2 1 2 1 1 2 2 2 2 1 1 1 2 2 2 2 1 2 2 2 2 1 1 1 1 1 1 1 1 1 2 1 1 1 1 2 2 1 2 2 2 2 2 1 2 2 1
W02C12.3h.1 1 1 1 1 1 1 1 1 1 1 1 2 1 2 2 1 1 1 2 1 1 1 1 1 1 1 1 1 1 1 2 1 1 1 1 2 2 2 1 1 1 2 1 2 1 2 1
W02D3.1 1 1 1 1 1 1 1 1 1 1 1 2 1 2 2 2 2 1 2 1 1 1 1 1 1 1 1 1 1 1 2 1 1 1 1 2 2 2 1 1 1 2 1 2 1 2 1
W02D7.5 1 1 1 1 1 1 1 1 2 2 1 1 1 1 1 1 1 1 1 1 1 1 1 1 1 1 1 1 1 1 1 1 1 1 1 1 1 1 1 1 1 1 1 1 1 1 1
W02G9.1 2 2 2 2 2 2 2 2 2 2 2 2 1 1 1 2 2 2 2 2 2 2 2 2 2 2 2 2 2 2 2 1 2 2 2 2 2 2 1 2 2 2 1 2 2 2 2
W03F11.5 1 1 1 1 1 1 1 2 2 2 2 1 1 1 1 2 2 2 2 2 2 2 2 2 1 1 1 1 1 1 1 1 1 1 1 1 1 2 1 1 1 1 1 1 1 1 2
W05F2.6a 1 1 1 1 1 1 1 2 2 2 2 2 1 1 1 1 1 1 2 2 2 2 2 2 1 1 1 1 1 1 2 1 1 1 1 2 2 1 1 1 1 2 2 2 2 1 1
W06H8.6 2 1 2 1 1 1 2 1 1 1 1 1 2 2 2 2 1 2 2 2 1 1 1 1 1 1 1 1 1 1 2 1 1 1 1 2 2 1 2 1 1 2 2 2 2 1 2
W09B6.5 1 1 1 1 1 1 1 1 1 1 2 1 1 1 1 1 2 1 1 2 2 1 1 1 1 1 1 1 1 1 1 1 1 1 1 1 1 1 1 1 1 1 1 2 1 1 1
W09H1.2 2 2 1 1 1 1 1 1 2 2 2 1 1 1 1 1 1 1 1 1 1 2 1 1 2 1 1 1 1 1 2 1 2 2 2 2 1 1 1 1 1 1 1 1 1 1 1
W10D5.1 1 1 1 1 1 1 1 1 1 2 2 2 1 1 1 1 2 1 1 2 1 1 1 2 2 2 2 2 2 2 2 2 2 2 2 2 2 2 1 2 2 2 1 2 1 1 2
Y102A5C.3 1 1 1 1 1 1 2 1 1 1 1 1 1 1 1 2 1 2 1 1 1 2 2 1 1 1 1 1 1 1 1 1 1 1 1 1 1 1 1 1 1 1 1 1 1 1 1
Y102A5C.6 2 1 1 1 1 1 1 1 1 1 1 1 1 1 1 1 1 1 1 1 2 2 2 2 2 2 1 2 2 2 2 2 2 2 2 2 1 1 2 1 2 1 2 1 1 1 1
Y102A5D.5 1 2 1 2 2 2 2 2 2 2 2 2 1 1 1 1 1 1 1 1 1 1 1 1 1 1 1 1 1 1 1 1 1 1 1 1 1 2 2 2 1 1 2 1 2 1 2
Y108G3AL.7f 1 1 2 2 1 1 1 1 1 2 1 1 1 1 1 1 1 1 1 1 1 1 2 2 1 2 1 2 1 1 1 1 1 2 2 1 1 1 1 2 1 1 1 1 1 1 1
Y110A7A.20 1 1 1 1 1 1 1 1 2 1 1 2 1 1 1 1 2 1 1 1 1 1 1 1 1 1 1 1 1 1 1 1 1 1 1 1 1 2 1 1 1 1 1 2 1 1 1
Y116A8C.25f.2 1 1 1 2 2 1 1 1 1 1 1 1 1 1 1 1 1 1 1 1 1 1 1 1 2 2 2 1 2 1 2 1 2 1 1 1 2 2 1 1 1 1 1 2 2 2 1
Y119D3B.8 1 1 1 1 2 1 1 1 1 2 1 1 1 1 1 1 1 1 1 1 1 1 1 1 1 2 2 1 2 2 1 1 1 1 2 1 1 1 1 1 2 1 1 1 1 2 1
Y19D10A.11a 1 1 1 1 2 1 2 2 1 2 1 1 1 1 1 1 1 1 1 1 1 1 1 1 1 1 1 1 1 2 1 2 2 1 1 2 1 2 1 1 1 1 2 1 2 1 1
Y20F4.4a 1 1 1 1 1 1 1 1 1 1 1 1 1 1 1 1 1 1 1 1 1 2 1 1 2 2 2 2 2 2 2 2 2 2 2 2 1 1 1 2 1 1 1 1 1 1 1
Y22F5A.3b 1 1 1 1 1 1 1 2 1 1 1 1 1 1 1 1 1 1 2 2 2 2 1 1 1 1 1 1 1 1 1 1 1 1 1 2 1 1 1 1 1 1 1 2 1 1 1
Y2H9A.3 1 1 1 1 1 1 1 2 1 2 2 2 2 1 1 1 2 1 1 2 1 2 1 1 2 2 2 2 2 1 2 1 2 2 2 2 2 2 1 1 1 1 1 1 1 1 1
Y37A1B.17c 2 2 1 1 2 2 2 2 2 2 2 2 1 1 1 1 1 1 1 1 1 1 1 1 1 1 1 1 1 1 1 1 1 1 1 1 1 1 1 1 1 1 1 1 1 1 1
Y37E11AL.1 1 1 1 1 1 1 1 1 1 1 1 1 1 1 1 1 1 1 1 1 1 1 1 1 2 1 2 2 2 2 1 1 1 1 2 2 1 2 1 1 2 2 1 2 1 2 1
Y37H2B.1 1 1 1 1 1 1 1 1 1 1 1 1 1 1 1 1 1 1 1 1 1 1 1 1 1 1 1 1 1 1 1 1 1 1 1 1 1 1 1 1 1 1 1 2 1 1 1
Y38C1AA.4a 2 1 1 1 1 1 1 1 1 1 1 1 2 2 2 2 2 2 2 2 2 2 2 2 1 2 2 1 1 1 2 2 2 1 2 2 2 2 1 2 2 2 2 2 2 2 2
Y38F2AL.1 1 1 1 1 1 1 1 1 1 1 1 1 1 1 1 1 1 1 1 1 1 1 1 1 1 1 1 1 1 1 1 1 1 1 1 1 1 1 1 1 1 1 1 2 1 1 2
Y38F2AR.10 1 1 1 1 1 2 2 2 1 1 1 1 1 1 1 1 1 2 1 1 1 1 1 1 1 1 1 1 1 1 1 1 1 1 1 1 1 1 1 1 1 1 1 2 1 2 1
Y39B6A.25 1 2 1 1 1 2 1 2 1 1 1 1 1 2 1 2 2 2 2 1 1 1 1 1 1 1 1 1 1 2 2 2 1 1 2 2 2 2 1 1 1 1 2 2 1 2 1
Y39B6A.47a 1 1 2 2 1 1 1 1 1 1 1 1 1 1 1 1 1 1 1 1 1 1 1 1 1 1 1 1 1 1 1 1 1 1 1 1 1 1 1 1 1 1 1 1 1 1 1
Y39G10AR.17 1 1 1 1 1 1 1 2 2 2 1 1 1 1 1 1 1 1 1 1 1 1 1 1 1 1 1 2 1 1 1 1 2 2 1 1 1 1 1 1 1 1 1 1 1 1 1
Y39G10AR.24 1 1 1 1 1 1 1 1 1 1 1 1 1 1 1 1 1 1 1 1 1 1 1 1 1 1 1 1 1 1 1 1 1 1 1 1 1 1 1 1 1 1 1 2 1 1 1
Y40A1A.4 1 1 1 1 1 1 1 1 1 1 1 1 2 1 1 1 1 1 1 1 1 1 1 1 2 2 2 1 2 2 2 1 1 1 2 2 1 1 2 2 2 2 1 2 1 2 1
Y41C4A.12a 1 1 1 1 1 1 1 2 2 2 2 2 1 1 1 2 2 2 2 2 2 2 2 2 2 2 2 2 2 2 1 2 2 2 2 2 1 1 1 1 1 1 1 1 1 1 1
Y45F10A.3b 1 1 1 1 1 1 2 2 2 2 2 2 2 1 2 2 2 2 2 2 2 2 2 2 1 1 2 2 2 1 2 1 1 1 1 1 1 2 1 1 1 1 1 2 2 1 1
Y46G5A.19b.2 1 1 1 1 1 1 1 1 1 1 1 1 1 1 1 1 1 1 1 1 1 1 1 2 1 1 2 1 2 2 1 1 2 2 1 2 2 2 1 2 2 2 1 2 2 1 1
Y47H10A.1 2 2 2 1 1 1 1 1 1 1 1 1 1 1 1 1 1 1 1 1 1 1 1 2 1 1 1 1 1 1 1 1 1 1 1 1 1 2 1 1 1 1 1 1 1 1 1
Y48B6A.10 1 1 1 1 1 1 1 1 1 1 1 1 1 1 1 1 1 1 2 2 1 1 1 1 1 1 1 1 1 1 1 1 1 1 1 1 1 1 1 1 1 1 1 1 1 1 1
Y48E1B.11 1 1 1 1 2 2 1 2 2 2 2 1 1 2 2 1 1 2 1 2 2 2 2 2 1 2 2 1 2 2 2 1 1 1 2 2 2 2 1 1 2 1 1 1 1 1 2
Y48G9A.7 1 1 1 1 1 1 1 1 2 1 1 1 1 1 1 1 1 1 1 1 1 1 1 1 1 1 1 1 1 1 1 1 1 1 1 1 1 1 1 1 1 1 1 1 1 1 1
Y50D7A.7 1 1 1 2 2 2 2 2 1 1 1 1 1 1 1 1 1 1 1 1 1 1 1 1 1 1 1 1 1 1 1 1 1 1 1 1 1 1 1 1 1 1 1 2 1 2 2
Y53F4B.16 1 1 1 1 1 1 1 2 2 2 2 2 2 2 1 1 2 1 1 2 2 2 2 2 1 1 1 1 1 1 2 1 1 1 1 2 1 2 1 1 1 1 1 1 1 1 1
Y53F4B.45 1 1 1 1 2 1 1 1 1 1 1 1 1 1 1 1 1 1 1 1 1 1 1 1 2 2 2 1 2 2 1 1 1 1 2 1 1 1 1 1 2 1 1 1 1 2 1
Y54F10BM.12 1 1 1 1 1 1 1 1 1 1 1 1 1 1 1 1 1 2 1 1 1 1 1 1 1 1 1 1 1 1 1 1 1 1 1 1 1 1 1 1 1 1 1 1 1 1 1
Y55F3AM.10 1 1 1 1 1 1 1 1 1 2 1 1 2 2 2 2 2 2 1 2 1 2 1 1 2 1 2 1 2 1 1 1 1 2 1 1 1 1 1 1 1 1 1 1 1 1 2
Y55F3BR.2c 2 2 2 2 1 2 2 2 1 2 1 1 1 1 1 2 2 2 1 2 1 2 1 1 2 1 2 2 2 2 2 2 2 2 2 2 2 2 2 2 2 1 2 1 2 1 1
Y62E10A.4a 1 1 1 1 1 1 1 1 1 1 1 2 1 1 1 1 1 1 1 1 1 1 1 1 2 2 2 2 2 2 2 1 2 2 1 2 2 2 1 1 2 1 1 1 1 1 1
Y66D12A.3 1 1 2 2 2 1 2 2 1 2 1 2 2 2 2 2 2 1 1 1 1 1 1 1 1 1 1 1 2 1 2 1 1 1 1 2 1 2 1 1 1 2 1 1 2 2 1
Y67D8A.3 2 1 1 1 2 2 1 2 2 2 2 1 1 1 1 1 1 1 1 1 1 1 1 1 1 1 1 1 1 1 1 1 1 1 2 1 1 1 1 1 1 1 1 1 1 1 1
Y69A2AR.31 2 2 2 2 2 1 1 1 1 1 1 1 1 1 1 1 1 1 1 1 1 1 1 1 2 1 2 2 2 2 2 2 2 2 2 2 1 2 1 1 1 1 1 2 1 1 2
Y71A12B.15 1 1 1 1 1 1 1 1 1 1 1 1 1 1 1 1 1 1 1 1 1 1 1 1 1 1 1 1 1 1 1 1 1 1 1 1 1 1 1 1 1 1 1 2 1 2 1
Y71F9B.13a 1 1 2 2 2 2 2 2 2 2 2 2 1 1 1 1 1 1 1 1 1 1 1 1 1 1 1 2 2 1 1 1 2 2 2 1 1 2 1 2 2 2 2 1 2 1 2
Y71F9B.15 1 1 2 2 2 2 2 2 2 2 2 2 1 1 1 1 1 1 1 1 1 1 1 1 2 1 1 2 2 1 1 1 2 2 2 1 1 2 1 2 2 2 2 1 2 1 2
Y71H2AL.1 1 1 1 1 1 1 1 2 2 2 2 1 1 1 1 2 2 2 1 2 2 2 2 2 2 1 2 2 2 2 2 2 2 2 1 2 1 1 1 1 2 1 1 2 1 1 2
Y75B12B.4 1 1 1 1 1 1 1 1 1 2 2 2 1 1 1 1 1 1 2 1 1 1 1 1 2 2 2 2 2 2 1 2 2 2 2 2 1 1 1 1 1 1 1 2 1 1 2
Y76A2B.3 1 1 1 1 1 1 1 1 1 2 1 1 1 1 1 1 1 1 1 2 1 2 1 1 2 1 1 2 2 1 2 1 1 1 1 2 2 2 1 1 2 2 1 2 2 2 2
ZC123.4c 1 1 1 1 1 1 1 2 2 2 1 1 1 1 1 1 1 1 1 1 1 1 1 2 2 2 1 2 2 2 2 1 2 1 1 2 1 2 1 2 2 2 1 1 2 1 1
ZC317.6 1 1 1 1 1 1 1 2 2 2 2 2 2 1 2 1 2 1 1 1 1 1 1 1 2 1 1 1 2 1 2 1 2 2 1 1 1 2 1 1 1 1 1 1 1 1 1
ZC328.5 1 1 1 1 1 1 1 1 1 1 1 1 1 1 1 1 1 1 1 1 1 1 1 1 1 1 1 1 1 1 1 1 1 1 1 1 1 1 1 1 1 1 1 2 1 1 1
ZC334.14 1 1 1 1 1 1 2 2 2 2 1 1 1 1 1 1 2 1 1 1 1 1 1 1 2 1 1 1 1 1 2 2 2 2 1 2 1 1 1 2 1 2 1 1 1 2 2
ZC416.1 1 1 1 1 1 1 1 2 1 2 2 2 2 2 2 2 1 2 2 2 2 2 2 2 1 1 1 1 1 1 2 1 1 1 1 2 1 1 1 1 1 2 1 1 2 1 1
ZK1098.6 1 1 1 1 1 1 1 1 1 1 1 1 2 1 2 2 1 1 1 2 1 1 1 1 2 1 2 2 1 1 1 1 1 1 1 1 1 1 1 2 1 1 1 1 1 1 1
ZK218.17 2 1 1 1 1 1 1 1 1 1 1 1 1 1 1 1 1 1 1 1 1 1 1 1 1 1 1 1 1 1 1 1 1 2 1 1 1 2 1 1 1 1 2 1 1 1 1
ZK218.21 2 1 1 1 1 1 1 1 2 1 1 1 1 1 1 1 1 1 1 1 1 1 1 1 2 2 1 1 2 1 2 2 2 2 2 2 1 1 2 1 1 2 1 1 1 2 1
ZK662.3b 1 1 1 2 2 2 2 2 1 1 1 1 1 1 2 1 2 2 2 2 1 1 1 1 1 1 1 1 1 1 1 1 1 1 1 2 1 1 1 1 1 1 2 1 2 2 1
