ID	up_or_down	duration	completeness	stgen	wilcox_sig	wilcox_dir	mRNA_fold_change	mRNA_before	mRNA_after	22G_fold_change	22G_before	22G_after	MAplot_significant	ID
B0250.7b	2	1	1	8	1	-1	-0.214458905945913	139.858261325037	120.401418121679	-0.851262128989883	165.461110402633	91.2693268712042	0	B0250.7
B0250.7b	1	4	0	9	1	-1	-0.170166912594502	120.401418121679	106.894278430643	0.477118473161775	91.2693268712042	127.435276269195	0	B0250.7
B0285.7	2	1	1	1	0	0	-1.51015474161523	480.539128621738	168.055656750165	0.419981089569957	711.080907916505	951.700180137876	0	B0285.7
B0285.7	1	1	1	2	0	0	1.43333853033946	168.055656750165	455.570238679535	-0.270864388150398	951.700180137876	788.619639739479	0	B0285.7
B0285.7	2	1	1	3	0	0	-0.718191251210799	455.570238679535	276.530353948204	0.116984571167544	788.619639739479	855.315503002493	0	B0285.7
B0285.7	1	4	1	4	0	0	-0.141079202746512	276.530353948204	250.675776812897	-0.232971964984639	855.315503002493	727.621961248866	0	B0285.7
B0285.7	2	1	1	8	0	0	-0.437334394670382	223.773218120059	164.994535944523	-0.612666744757021	969.386288119776	633.619750009706	0	B0285.7
B0285.7	1	1	1	9	0	0	-0.344717611985506	164.994535944523	129.714405286623	0.529623142485692	633.619750009706	915.106650542598	0	B0285.7
B0285.7	2	3	0	10	0	0	0.136403977934215	129.714405286623	142.676301602159	-0.0170135020531319	915.106650542598	904.366584691558	0	B0285.7
B0348.4u	2	2	1	4	0	0	-0.353211112110419	2156.62778833348	1688.07676293078	0.227475394262518	265.285022321629	310.762342809958	0	B0348.4
B0348.4u	1	2	1	6	0	0	-0.289491600054049	1946.41713970038	1592.35788143601	-1.34689836236861	360.857037422538	141.259151833264	0	B0348.4
B0348.4u	2	4	1	8	0	0	0.14920087589687	1527.95150497603	1694.53847726808	0.0779843570909371	462.212014929096	487.939862888361	0	B0348.4
B0348.4u	1	1	0	12	0	0	-0.0640400575286115	1397.2350881842	1336.52595434306	0.392711349988021	232.932931392742	306.120820202133	0	B0348.4
B0348.5a	1	8	0	5	1	-1	-0.58482568929741	27.5308656615321	18.0223809231516	-0.762557963771993	562.657810109659	331.248254864792	0	B0348.5
B0454.9	2	6	1	4	0	0	-0.245556369500457	642.662722024876	541.923355653315	1.0071745861704	196.676826893621	396.324661865563	0	B0454.9
B0454.9	1	3	0	10	0	0	-0.228846705577096	508.048087372606	433.37926611656	-1.18111463146228	211.178457817523	92.5729574881122	0	B0454.9
C03E10.3	2	2	0	11	0	0	-0.469999517770295	28.5352603204319	20.3234194644975	0.400611745777957	182.297516284283	240.965101440768	0	C03E10.3
C04A2.1.1	2	1	1	11	0	0	-0.0743261207956074	319.238224834832	303.157673678754	-1.31524965576509	266.325277696569	106.426253136339	0	C04A2.1
C04A2.1.1	1	1	0	12	0	0	-0.089123960862862	303.157673678754	284.936628664421	-0.337763465444873	106.426253136339	84.0028513349287	0	C04A2.1
C14C11.1	2	5	0	8	0	0	0.627341763271485	3.49645653312592	5.94574904304589	0.114329574569775	147.476207097999	159.721322024607	0	C14C11.1
C18D4.6c	2	11	0	2	1	-1	0.635789395012881	57.9015287962754	90.5204708776927	0.164038363751642	1384.95874979941	1551.85452712683	0	C18D4.6
C27D8.3b	2	5	0	8	0	0	0.168498377612122	417.826555708548	469.714174400625	-0.313439594897517	2510.69250132692	2020.21144670685	0	C27D8.3
C27H5.11	1	2	1	2	0	0	NA	NA	NA	-0.450883629537266	23.4987698799476	16.9231682347528	0	C27H5.11
C27H5.11	2	1	1	4	0	0	NA	NA	NA	0.703386034730869	16.0085789332017	26.6954435453488	0	C27H5.11
C27H5.11	1	5	1	5	0	0	NA	NA	NA	-0.575881475374319	26.6954435453488	17.5802146436621	0	C27H5.11
C27H5.11	2	2	1	10	0	0	NA	NA	NA	-0.0874341327558597	24.2733859560371	22.7871895355353	0	C27H5.11
C27H5.11	1	1	0	12	0	0	NA	NA	NA	-0.467898505659585	16.0643400960512	11.3378081556346	0	C27H5.11
C28A5.4	1	3	1	5	0	0	-0.0166327075212944	305.737508135961	302.221464711312	-0.496483550993907	149.220684432975	105.481287861973	0	C28A5.4
C28A5.4	2	1	1	8	0	0	-0.332637505112317	208.039163720992	164.994535944523	-0.560788575932476	140.282245776146	94.7796855970197	0	C28A5.4
C28A5.4	1	1	1	9	0	0	-0.574124955415282	164.994535944523	110.497456355271	1.13921061830381	94.7796855970197	209.964788519721	0	C28A5.4
C28A5.4	2	2	1	10	0	0	0.401190300855207	110.497456355271	146.243209142213	-0.420167900700844	209.964788519721	156.661928056805	0	C28A5.4
C28A5.4	1	1	0	12	0	0	1.19384575217841	187.991630046602	431.340531790339	0.736871791287267	92.3699555522944	154.606474849562	0	C28A5.4
C34C12.5.1	2	1	1	8	1	-1	0.0563439023635244	987.748970608073	1027.12814718618	-0.503060504608632	1505.33640659787	1061.8835145592	0	C34C12.5
C34C12.5.1	1	1	1	9	1	-1	-0.328223220748619	1027.12814718618	817.921388890649	1.08965746553324	1061.8835145592	2261.06590180485	0	C34C12.5
C34C12.5.1	2	1	1	10	1	-1	0.22199897460005	817.921388890649	954.147766964442	-0.887260158148525	2261.06590180485	1221.96303884308	0	C34C12.5
C34C12.5.1	1	1	1	11	1	-1	0.0244058184771792	954.147766964442	970.443279429755	0.254439736452358	1221.96303884308	1457.83886371665	0	C34C12.5
C34C12.5.1	2	1	0	12	1	-1	0.629471209990866	970.443279429755	1501.82068367877	-1.39290487311468	1457.83886371665	554.521889793763	0	C34C12.5
C34C12.9	1	3	1	1	0	0	-0.0907265614032466	84.2830408839174	79.0850149412542	-0.348420548812349	364.896781693996	286.391257911861	0	C34C12.9
C34C12.9	2	8	1	4	0	0	0.317882283912045	60.2496301898322	75.3476323368246	0.319877379101742	290.441360645232	362.784232795766	0	C34C12.9
C34C12.9	1	1	0	12	0	0	0.0370507043228026	81.2936778579899	83.4344824265985	0.277034085628236	291.166164240928	353.018117573167	0	C34C12.9
C47B2.8	2	1	0	12	0	0	0.109067401154535	369.208786938371	398.281585923196	-3.48212781588003	971.892575811097	86.0642709995896	0	C47B2.8
C48E7.11	1	2	1	3	0	0	0.0842080020674381	645.514833308137	684.374004463991	-4.2939211061855	18.615485058228	0	0	C48E7.11
C48E7.11	2	1	1	5	0	0	-0.30667965760688	821.578991057299	664.055420168433	0.495383360447565	8.89848118178293	12.9538423690142	0	C48E7.11
C48E7.11	1	2	1	6	0	0	0.337220702330086	664.055420168433	839.178151802077	-1.27613494278605	12.9538423690142	4.76154444381789	0	C48E7.11
C48E7.11	2	3	1	8	0	0	-0.105644778306536	846.142481016473	786.325310942818	-0.310450472494758	14.3879226437073	11.4086658589005	0	C48E7.11
C48E7.11	1	2	0	11	0	0	0.185408221305133	757.967852261472	862.051708952435	1.04905346350507	1.42419934597096	4.0160850240128	0	C48E7.11
C53D6.12	2	1	1	4	0	0	NA	NA	NA	1.29830927980739	9.147759390401	23.9574493355694	0	C53D6.12
C53D6.12	1	8	0	5	0	0	NA	NA	NA	-1.28346034218832	23.9574493355694	9.25274454929585	0	C53D6.12
C55C3.6a	2	4	1	4	1	1	0.135268465363215	35.5318331888754	39.1228090979666	3.34007624427694	4.5738796952005	55.4443827480321	1	C55C3.6
C55C3.6a	1	1	1	8	1	1	-0.705584460243508	29.7198805315703	17.8372471291377	0.615316985980239	17.9849033046341	28.0828698065244	0	C55C3.6
C55C3.6a	2	1	1	9	1	1	-2.46908279802899	17.8372471291377	2.40211861641894	-4.86209773179826	28.0828698065244	0	0	C55C3.6
C55C3.6a	1	3	0	10	1	1	0.424784139634299	2.40211861641894	3.56690754005399	2.39851401552788	0	4.27259803791287	1	C55C3.6
D2096.3.3	2	3	1	3	0	0	0.104863468565652	492.668792317934	529.887773208011	0.326599285774236	1154.16007361014	1447.63292353096	0	D2096.3
D2096.3.3	1	7	0	6	0	0	-0.177516636505844	547.603112664992	484.087892527149	-0.3285755056786	1419.37101386198	1130.07321466611	0	D2096.3
E03E2.t1	2	4	1	1	0	0	NA	NA	NA	2.22345008634219	8.01970948778013	41.1228472899082	0	E03E2.t1
E03E2.t1	1	1	1	5	0	0	NA	NA	NA	-1.47956284508062	19.8504580209004	6.4769211845071	0	E03E2.t1
E03E2.t1	2	2	1	6	0	0	NA	NA	NA	1.8197431719213	6.4769211845071	25.3949037003621	0	E03E2.t1
E03E2.t1	1	1	1	8	0	0	NA	NA	NA	0.176971643256261	16.1864129741707	18.4293833105316	0	E03E2.t1
E03E2.t1	2	4	0	9	0	0	NA	NA	NA	0.30837954211846	18.4293833105316	23.0597166582352	0	E03E2.t1
F08G12.4	2	5	1	5	0	0	-0.0492443983522453	289.798585910864	280.040072805895	1.27294428800446	62.9738668249254	153.595559518311	0	F08G12.4
F08G12.4	1	3	0	10	0	0	0.301546492160912	227.00020925159	280.002241894238	-0.562917822537976	82.529512250526	55.5437744928673	0	F08G12.4
F11A6.2	2	1	1	3	0	0	0.251051074835613	102.39200804198	122.044122692224	0.506264461338965	424.771522692294	603.752119766466	0	F11A6.2
F11A6.2	1	9	0	4	0	0	-0.185135591526046	122.044122692224	107.22547678702	-0.341112135924831	603.752119766466	476.410992501609	0	F11A6.2
F17A9.4	1	12	0	1	0	0	-0.362160183225686	835.282673834644	649.626908446017	-1.25180169956046	120.295642316702	49.9348859948886	0	F17A9.4
F19B2.6	2	4	1	5	0	0	-0.160698846356462	65.2046818299443	58.2261537517207	0.337387690631473	631.792163906588	798.511854604232	0	F19B2.6
F19B2.6	1	4	0	9	0	0	-0.35788125769842	78.781174820358	61.254024718683	-0.669273618035511	730.154614969633	458.766994569101	0	F19B2.6
F22F7.5a	2	1	1	10	1	-1	-0.0270970894870288	276.243640888178	271.084973044103	-0.452683899334707	813.158429527242	593.891127269889	0	F22F7.5
F22F7.5a	1	2	0	11	1	-1	-0.0837696408983888	271.084973044103	255.736361594927	0.053741166853758	593.891127269889	616.469051185965	0	F22F7.5
F22F7.5b	2	5	0	8	0	0	NA	NA	NA	-0.117022364968371	1204.98852141048	1111.02853672062	0	F22F7.5
F23F12.3	2	2	1	2	0	0	-0.404723289256868	94.619571447572	71.2292229857254	0.809683974486444	142.461292397182	250.462889874341	0	F23F12.3
F23F12.3	1	9	0	4	0	0	0.340889072906504	74.1533910028704	94.1845404210307	-0.799311895917792	267.571962169229	153.327675747644	0	F23F12.3
F29B9.9a	2	5	0	8	1	-1	1.3982101581754	15.7340543990666	43.1066805620827	-0.415171339273279	1330.88284454292	997.819467813069	0	F29B9.9
F31B9.3	1	10	0	3	0	0	0.504466740008898	273.045354778614	387.76044045251	-1.15921242145515	77.8465738798627	34.3040977140037	0	F31B9.3
F31C3.11	2	11	1	1	0	0	NA	NA	NA	2.5847272563649	13.3661824796335	85.1830408148099	0	F31C3.11
F31C3.11	1	1	0	12	0	0	NA	NA	NA	-0.735815832568947	34.1367227041088	20.0988417304431	0	F31C3.11
F31C3.6a	1	1	1	4	1	1	0.540952291143344	111.230086504306	162.287208110084	-0.247734456546188	70.8951352756077	59.5513740627012	0	F31C3.6
F31C3.6a	2	4	1	5	1	1	0.139281887695082	162.287208110084	178.837472237428	0.236164371852979	59.5513740627012	70.3208585746485	0	F31C3.6
F31C3.6a	1	1	1	9	1	1	0.0281341393860091	153.103037858432	156.137710067231	0.649490925382536	62.3088673832259	98.3072131219501	0	F31C3.6
F31C3.6a	2	1	1	10	1	1	-0.341011063208553	156.137710067231	123.058310131863	-0.641403230100044	98.3072131219501	62.6647712227221	0	F31C3.6
F31C3.6a	1	2	0	11	1	1	0.0453662928016367	123.058310131863	127.021371653109	-0.153844924455119	62.6647712227221	56.2251903361792	0	F31C3.6
F31C3.7	2	12	0	1	0	0	NA	NA	NA	0.502233271403768	229.898338649697	326.045432084272	0	F31C3.7
F33E2.6	2	1	1	1	0	0	1.27036891226234	0	1.41223240966525	0.464888309220576	1037.21576041956	1431.9562895593	0	F33E2.6
F33E2.6	1	1	1	2	0	0	-1.27036891226234	1.41223240966525	0	-0.384614217385996	1431.9562895593	1096.62130161198	0	F33E2.6
F33E2.6	2	2	1	3	0	0	0	0	0	0.780519657278177	1096.62130161198	1884.43843442261	0	F33E2.6
F33E2.6	1	1	1	5	0	0	0	0	0	-0.398432458224812	1405.27552816926	1065.91617207888	0	F33E2.6
F33E2.6	2	3	1	6	0	0	0	0	0	0.816238496809433	1065.91617207888	1877.63569234552	0	F33E2.6
F33E2.6	1	1	1	9	0	0	0	0	0	0.408383056807601	1290.05683173721	1712.48737919842	0	F33E2.6
F33E2.6	2	1	1	10	0	0	0	0	0	-0.412865211993326	1712.48737919842	1286.05200941177	0	F33E2.6
F33E2.6	1	2	0	11	0	0	0	0	0	-0.00101457594936427	1286.05200941177	1285.1472076841	0	F33E2.6
F35F11.2	1	2	1	1	0	0	0.154048318879332	11.3216025067949	12.7100916869873	-0.254468003434445	269.996886088598	226.175660094495	0	F35F11.2
F35F11.2	2	3	1	3	0	0	0.385394611579733	16.3233636008954	21.6280723758372	0.574224660429626	179.385583288379	267.571962169229	0	F35F11.2
F35F11.2	1	2	1	6	0	0	-1.0413138282912	12.4770329467973	5.54828530117076	-0.460613363737796	288.685629938031	209.507955527987	0	F35F11.2
F35F11.2	2	1	1	8	0	0	0.667511173958913	5.24468479968888	8.91862356456883	-0.970034656455809	255.385626925804	129.883272855175	0	F35F11.2
F35F11.2	1	4	0	9	0	0	-0.501693804993864	8.91862356456883	6.00529654104735	0.521723278209732	129.883272855175	186.905071861485	0	F35F11.2
F40E3.5.2	2	1	1	2	1	1	0.989142356493004	21.1834861449788	43.0343222205424	1.97874319044687	4.40601935249017	20.3078018817033	0	F40E3.5
F40E3.5.2	1	1	1	3	1	1	0.61474244174607	43.0343222205424	66.4290794400713	-1.0702205542712	20.3078018817033	9.147759390401	0	F40E3.5
F40E3.5.2	2	2	1	4	1	1	-0.748948285574413	66.4290794400713	39.1228090979666	0.533670334887214	9.147759390401	13.6899710488968	0	F40E3.5
F40E3.5.2	1	7	0	6	1	1	-1.01791628052421	29.1130768758603	13.8707132529269	-4.69946336486411	24.9824102830988	0	0	F40E3.5
F48A11.1c	1	6	1	2	0	0	0.895555582413667	132.749846508534	247.818338304503	-0.548333559304325	450.882647071494	308.0016618725	0	F48A11.1
F48A11.1c	2	5	0	8	0	0	0.290287488188662	230.766131186311	282.42307954468	-0.104554932102799	496.3833312079	461.612172444744	0	F48A11.1
F49C5.t3	2	1	1	1	0	0	NA	NA	NA	2.15240125895511	48.1182569266808	217.363621389515	1	F49C5.t3
F49C5.t3	1	1	1	2	0	0	NA	NA	NA	-0.27564848771472	217.363621389515	179.385583288379	0	F49C5.t3
F49C5.t3	2	2	1	3	0	0	NA	NA	NA	0.0637029354184389	179.385583288379	187.52906750322	0	F49C5.t3
F49C5.t3	1	1	1	5	0	0	NA	NA	NA	-0.555247487514825	266.954435453488	181.353793166199	0	F49C5.t3
F49C5.t3	2	2	1	6	0	0	NA	NA	NA	0.270966879815739	181.353793166199	219.031044415623	0	F49C5.t3
F49C5.t3	1	5	0	8	0	0	NA	NA	NA	-0.248303180473299	169.05809106356	142.16952839553	0	F49C5.t3
F49E8.6	2	2	1	6	0	0	-0.253143804251172	205.177875125111	171.996844336294	0.216145255026166	20.3560380084509	23.8077222190894	0	F49E8.6
F49E8.6	1	2	1	8	0	0	0.122367747771248	155.592315724104	169.453847726808	-0.192326265263061	16.1864129741707	14.0414349032622	0	F49E8.6
F49E8.6	2	1	1	10	0	0	-0.057346407044256	183.762074156049	176.561923232672	-2.3935711613912	71.6064885703094	12.8177941137386	0	F49E8.6
F49E8.6	1	2	0	11	0	0	-0.133275061558188	176.561923232672	160.893737427272	-0.976136375831758	12.8177941137386	6.0241275360192	0	F49E8.6
F52A8.4a	2	1	1	5	1	-1	-0.116666533237349	78.2456181959332	72.0895236926065	0.671898469183225	58.8668755102563	94.3779944028177	0	F52A8.4
F52A8.4a	1	3	1	6	1	-1	-0.055041075502074	72.0895236926065	69.3535662646345	-0.529564137583241	94.3779944028177	65.0744407321778	0	F52A8.4
F52A8.4a	2	4	0	9	1	-1	-0.248474769472248	75.8083002988351	63.6561433351019	0.672825587636083	83.3710197381192	133.503622758204	0	F52A8.4
F53G12.7a	1	2	1	1	0	0	0.624988698259332	8.80569083861823	14.1223240966525	-0.294592059836125	646.923232014264	527.253649181323	0	F53G12.7
F53G12.7a	2	3	1	3	0	0	1.74144518730561	10.3875950187516	37.0766955014352	0.643724166138544	387.540552575838	606.039059614066	0	F53G12.7
F53G12.7a	1	7	0	6	0	0	0.000682011010046057	8.31802196453152	8.32242795175614	-0.743126891741374	593.100925609864	353.941470323797	0	F53G12.7
F54D10.3	2	2	1	4	0	0	0.21923804228966	63.3393548149518	73.8986394072703	1.63278710291235	1925.60335167941	5973.61886718613	1	F54D10.3
F54D10.3	1	7	0	6	0	0	-0.0929195050140112	65.1578387221636	61.0311383128784	-1.96742799604158	6644.39586084935	1698.28418496171	0	F54D10.3
F54D5.15b.2	2	1	1	2	0	0	0.435616560557438	48.0159019286186	65.2934544035816	0.588163174658857	32.3108085849279	49.077187880783	0	F54D5.15
F54D5.15b.2	1	1	1	3	0	0	-0.227680986180274	65.2934544035816	55.6150432521528	-1.06899133895785	49.077187880783	22.8693984760025	0	F54D5.15
F54D5.15b.2	2	2	1	4	0	0	0.403754066978297	55.6150432521528	73.8986394072703	1.0147805686797	22.8693984760025	47.230400118694	0	F54D5.15
F54D5.15b.2	1	2	1	6	0	0	-0.952024315604542	70.703186698518	36.0638544576099	-1.33738395489165	53.665918385916	20.6333592565442	0	F54D5.15
F54D5.15b.2	2	1	1	8	0	0	0.361127861555049	50.6986197303259	65.4032394735047	-1.20569719244023	102.513948836414	43.8794840726943	0	F54D5.15
F54D5.15b.2	1	1	1	9	0	0	-0.121192254763058	65.4032394735047	60.0529654104735	0.400908226127452	43.8794840726943	58.256126294489	0	F54D5.15
F54D5.15b.2	2	2	1	10	0	0	0.094906528520017	60.0529654104735	64.2043357209718	0.10353096359863	58.256126294489	62.6647712227221	0	F54D5.15
F54D5.15b.2	1	1	0	12	0	0	0.411513488954856	54.1957852386599	72.4148338042175	0.159956075726868	44.1769352641408	49.4740719518599	0	F54D5.15
F54E2.3j	2	1	1	3	0	0	-0.397669141279993	4650.67468410965	3530.01038419914	0.427804901750345	55.8464551746841	75.4690149708082	0	F54E2.3
F54E2.3j	1	9	0	4	0	0	-1.2540727969468	3530.01038419914	1479.42178107496	-1.09051269103201	75.4690149708082	34.9094261746869	0	F54E2.3
F56B6.4c	2	1	1	2	1	-1	0.316404632389926	563.480731456436	701.904634838502	0.621565361504447	11.7493849399738	18.615485058228	0	F56B6.4
F56B6.4c	1	5	1	3	1	-1	-0.592988003699118	701.904634838502	465.003556080499	-0.657621398242048	18.615485058228	11.4346992380012	0	F56B6.4
F56B6.4c	2	1	1	8	1	-1	0.279005576877914	494.748599437318	600.520653347634	-0.875785707106664	23.3803742960243	12.2862555403544	0	F56B6.4
F56B6.4c	1	1	1	9	1	-1	-0.365157706077948	600.520653347634	466.011011585274	0.99535289061876	12.2862555403544	25.4870552538389	0	F56B6.4
F56B6.4c	2	1	1	10	1	-1	-0.110436867774968	466.011011585274	431.595812346533	-0.938760137547861	25.4870552538389	12.8177941137386	0	F56B6.4
F56B6.4c	1	1	1	11	1	-1	-0.185614351351669	431.595812346533	379.37049667062	0.464957762029849	12.8177941137386	18.0723826080576	0	F56B6.4
F56B6.4c	2	1	0	12	1	-1	0.64041399696003	379.37049667062	591.912554573604	-0.754256336725085	18.0723826080576	10.3070983233041	0	F56B6.4
F56D12.4a	1	2	1	1	1	1	-0.598554034868169	188.693375113248	124.276452050542	-0.590201950185712	776.575202066709	515.50426424135	0	F56D12.4
F56D12.4a	2	1	1	3	1	1	-0.0340098489479477	167.685462445562	163.755405131339	0.376450010444843	521.233581630385	676.934194889674	0	F56D12.4
F56D12.4a	1	1	1	4	1	1	0.211872029473197	163.755405131339	189.818073771616	-0.818840228791627	676.934194889674	383.319189369111	0	F56D12.4
F56D12.4a	2	6	1	5	1	1	-0.119260502853317	189.818073771616	174.678461255162	0.679177790281891	383.319189369111	614.382238073245	0	F56D12.4
F56D12.4a	1	2	0	11	1	1	-0.154191382294798	164.077746842483	147.344791117607	-1.1329661874039	582.497532502121	265.061611584845	0	F56D12.4
F57A10.2	1	1	1	9	0	0	-0.682285649912652	4.45931178228441	2.40211861641894	1.11115176423763	142.16952839553	308.272001641671	0	F57A10.2
F57A10.2	2	1	1	10	0	0	0.424784139634299	2.40211861641894	3.56690754005399	-1.12302863234421	308.272001641671	140.995735251125	0	F57A10.2
F57A10.2	1	2	0	11	0	0	-0.057905077368309	3.56690754005399	3.38723657741625	0.63084669780309	140.995735251125	218.876633808697	0	F57A10.2
F57F5.1	2	4	1	8	0	0	-0.154917168442608	33340.4612716222	29945.7650553006	-0.256946545375299	106.110929497341	88.6365578268425	0	F57F5.1
F57F5.1	1	1	0	12	0	0	-0.067146624859987	33420.1696910774	31900.3085262753	1.46687457451111	56.2251903361792	157.183249430388	0	F57F5.1
H24K24.5a	2	2	1	10	1	-1	-0.0295368562561205	289.455293278482	283.569149434292	-0.187111812899577	544.937514713032	478.530980246242	0	H24K24.5
H24K24.5a	1	1	0	12	1	-1	0.043418718423144	404.774771001241	417.172412132992	-0.810375785119458	315.262674385005	179.343510825492	0	H24K24.5
K03H6.5b	1	1	1	3	0	0	-1.40918615499295	38.5824957839346	13.9037608130382	-0.371607749313533	778.465738798627	601.465179918865	0	K03H6.5
K03H6.5b	2	5	1	4	0	0	0.782319145513819	13.9037608130382	24.6328798024234	0.808467945906131	601.465179918865	1054.12777076506	0	K03H6.5
K03H6.5b	1	1	1	9	0	0	0.0687053018172703	29.7287452152294	31.2275420134462	0.799766327390417	689.785489622755	1201.53260482384	0	K03H6.5
K03H6.5b	2	3	0	10	0	0	0.114338382799771	31.2275420134462	33.8856216305129	-0.228449863615451	1201.53260482384	1025.42352909909	0	K03H6.5
K05C4.11	1	1	1	1	1	1	-1.19167503187587	75.4773500452992	32.4813454223008	-2.31230797833909	84.2069496216914	16.1554042924639	0	K05C4.11
K05C4.11	2	2	1	2	1	1	0.777436882527939	32.4813454223008	56.389801530366	1.77072935627414	16.1554042924639	57.5387719981594	0	K05C4.11
K05C4.11	1	9	0	4	1	1	0.44015744445556	64.8842171275116	88.3885687028135	-0.236841804717374	66.3212555804072	56.128881300477	0	K05C4.11
K07A1.17	2	6	1	6	0	0	0.386471138263985	1509.72098656247	1973.8024958915	0.566459620728891	340.500999414087	504.723711044696	0	K07A1.17
K07A1.17	1	1	0	12	0	0	-0.212168467986087	2040.81003789329	1761.56954406347	-0.496320613392445	257.029441536819	181.920285406318	0	K07A1.17
K08A2.4	2	1	0	12	0	0	-0.253901178037149	535.183379231767	448.657122482652	-1.2898095251903	206.828378736659	84.0028513349287	0	K08A2.4
K08B4.6	2	1	1	11	1	1	-0.0821369086293657	2373.77696790593	2242.35061424956	-0.92693758931115	283.41566984822	148.595145888474	0	K08B4.6
K08B4.6	1	1	0	12	1	1	-0.474486000216991	2242.35061424956	1613.59140542006	-0.789475706078655	148.595145888474	85.5489160834244	0	K08B4.6
K10B4.6a	2	1	1	10	1	1	0.259798806287572	130.915464594832	156.943931762375	-0.860737492351145	737.910933063527	405.896813601723	0	K10B4.6
K10B4.6a	1	2	0	11	1	1	-0.157893691953058	156.943931762375	140.570317962774	0.479367470542384	405.896813601723	566.267988385805	0	K10B4.6
K10B4.6b	2	1	1	8	0	0	NA	NA	NA	-0.87949505238356	118.700361810585	64.0640467461337	0	K10B4.6
K10B4.6b	1	1	1	9	0	0	NA	NA	NA	1.45353020480003	64.0640467461337	177.195717479071	0	K10B4.6
K10B4.6b	2	3	0	10	0	0	NA	NA	NA	-0.150796546478857	177.195717479071	159.510326748747	0	K10B4.6
K10G6.3r	2	1	0	12	0	0	-0.233804218657282	1331.18397492458	1131.87533707027	-0.995359346279148	1192.7772521318	597.81170275164	0	K10G6.3
M01D7.5	1	2	1	8	0	0	-0.430007709813844	66.4326741293925	49.0524296051286	-0.103807064069856	172.655071724487	160.598911706061	0	M01D7.5
M01D7.5	2	2	1	10	0	0	0.0733270392695662	66.0582619515208	69.5546970310528	-0.21031890042449	285.212284983436	246.386486852976	0	M01D7.5
M01D7.5	1	1	0	12	0	0	0.229662150521839	57.5830218160762	67.6921272517686	0.693210677604554	132.530805792422	214.903000040891	0	M01D7.5
M01E5.1	2	8	1	2	0	0	0.0422626593152189	1.41223240966525	1.48394214553595	0.850880809747829	146.867311749672	265.693741285618	0	M01E5.1
M01E5.1	1	3	0	10	0	0	1.47687612189364	0	1.78345377002699	-0.183112256741643	169.91370169226	149.54093132695	0	M01E5.1
M88.6a	1	12	0	1	0	0	-0.191345534954245	525.825538648917	460.387765550873	-0.263776797524967	1269.78733556519	1057.44464459764	0	M88.6
R05G6.5	2	5	0	8	0	0	-0.61225210757335	20.9787391987555	13.3779353468532	-0.210568393098212	611.486712357558	528.308988235239	0	R05G6.5
R07E5.4	2	2	1	6	0	0	-0.144176595287671	680.691464097496	615.859668429954	1.09958920795315	275.731787569016	592.018692514691	0	R07E5.4
R07E5.4	1	3	1	8	0	0	-0.000146602979443244	437.05706664074	437.012554663873	-1.01697296668727	365.093537084072	179.905884698047	0	R07E5.4
R07E5.4	2	1	1	11	0	0	-0.371175127844364	545.73685362826	421.710953888323	-1.24847393173055	683.615686066059	287.150079216915	0	R07E5.4
R07E5.4	1	1	0	12	0	0	0.196200620543021	421.710953888323	483.290303867278	0.269438857122383	287.150079216915	346.318503663019	1	R07E5.4
R07H5.9	1	1	1	1	0	0	-0.107960078904666	21.3852491795014	19.7712537353135	-1.49926455117499	221.878629161917	77.8396752273263	0	R07H5.9
R07H5.9	2	1	1	2	0	0	-0.69040394309493	19.7712537353135	11.8715371642876	1.54126636635044	77.8396752273263	228.462771169162	0	R07H5.9
R07H5.9	1	10	0	3	0	0	0.0536167006407098	11.8715371642876	12.3588985004784	-1.42229471712553	228.462771169162	84.6167743612092	0	R07H5.9
R08E3.3b	1	5	1	1	0	0	0.159841417272352	795.028087143818	888.294185679444	-0.174660577462933	185.789936466906	164.491389159633	0	R08E3.3
R08E3.3b	2	2	1	6	0	0	-0.266273457453407	827.643185470887	687.987377345174	0.196693629441135	153.595559518311	176.177144421262	0	R08E3.3
R08E3.3b	1	5	0	8	0	0	0.268354726454554	872.365905014918	1050.91114335836	0.421279421398459	122.297342471512	164.109270431877	0	R08E3.3
R11G10.3	2	5	0	8	0	0	0.733445908095015	17.4822826656296	29.7287452152294	-0.441545713617809	258.982607586731	190.436960875493	0	R11G10.3
T07F10.6	2	5	0	8	0	0	0.531524424373937	19.2305109321926	28.242307954468	-0.385595926358108	294.952414195999	225.540548133649	0	T07F10.6
T26C11.5	2	1	1	5	0	0	-0.133546176715436	397.024062697883	361.833955457121	1.31805559227204	125.947733649851	315.518589130989	1	T26C11.5
T26C11.5	1	7	0	6	0	0	-0.12591154327092	361.833955457121	331.510046744953	-1.67089625133712	315.518589130989	98.4052518389031	0	T26C11.5
T26C11.9	1	4	1	1	0	0	-0.00290051071156849	22.6432050135897	22.5957185546441	-1.43047902196444	29.4056014551938	10.2807118224771	0	T26C11.9
T26C11.9	2	1	1	5	0	0	0.363658755425559	15.9389222250975	20.7950549113288	1.51551407052199	17.7969623635659	52.7406439309864	0	T26C11.9
T26C11.9	1	3	1	6	0	0	-0.551526992583565	20.7950549113288	13.8707132529269	-1.54168949938718	52.7406439309864	17.4589962939989	0	T26C11.9
T26C11.9	2	1	1	9	0	0	0.553380652783185	19.3236843898991	28.8254233970273	-0.735754687694021	28.9604594879782	16.9913701692259	0	T26C11.9
T26C11.9	1	3	0	10	0	0	0.29802127105824	28.8254233970273	35.6690754005399	-0.5377103596097	16.9913701692259	11.3935947677677	0	T26C11.9
VF11C1L.1	1	1	1	1	0	0	-0.0320877786112792	1962.41110117778	1919.22384473508	-0.183897444987577	322.124997759168	283.453911676867	0	VF11C1L.1
VF11C1L.1	2	1	1	2	0	0	0.2813798834895	1919.22384473508	2332.75705278251	0.203815946753085	283.453911676867	326.617146930728	0	VF11C1L.1
VF11C1L.1	1	2	1	3	0	0	0.116448563143798	2332.75705278251	2528.93960566039	-0.157528592285772	326.617146930728	292.728300492832	0	VF11C1L.1
VF11C1L.1	2	5	1	5	0	0	0.146558205636479	1901.07872357527	2104.45955702648	0.91190503375706	199.189078761449	375.661428701412	0	VF11C1L.1
VF11C1L.1	1	3	0	10	0	0	0.0138454019647281	2503.00759830854	2527.15399212825	0.0654316016752334	224.528820093343	234.992892085208	0	VF11C1L.1
W02C12.3h.1	2	1	0	12	0	0	0.172899987140532	914.553875902387	1031.12426395136	-2.03061290938285	1409.64584342849	344.257083998358	1	W02C12.3
W02D3.1	2	1	0	12	0	0	0.0522293438185351	1964.59721490142	2037.06075962299	-0.905601014461393	650.605773890073	346.833858579184	0	W02D3.1
W02D7.5	2	2	1	9	0	0	0.0621884548524463	289.855265848487	302.666945668786	0.877571636268637	64.9416364275876	120.153260482384	0	W02D7.5
W02D7.5	1	2	0	11	0	0	0.0226588480644345	306.754048444643	311.625765122295	-0.547996533241918	32.756584957332	22.0884676320704	0	W02D7.5
W03F11.5	2	4	1	8	1	-1	-0.416429517396917	12.2375978659407	8.91862356456883	-0.392713094627636	789.537255073436	601.148931795912	0	W03F11.5
W03F11.5	1	1	0	12	1	-1	0.847978447104957	13.548946309665	25.1877682797278	-0.176591010976546	508.034755537619	449.38948689606	0	W03F11.5
W05F2.6a	2	5	0	8	0	0	-0.109919824415117	3484.21893525998	3228.54173037392	0.136195607167362	1111.46702422639	1221.60483658381	0	W05F2.6
W06H8.6	1	1	1	1	0	0	-1.11974255943792	1293.17859744279	594.549844469072	-1.10830926527526	843.406114464877	390.667049254128	1	W06H8.6
W06H8.6	2	1	1	2	0	0	1.17738663028198	594.549844469072	1345.9355260011	0.655650500864654	390.667049254128	616.003323745001	0	W06H8.6
W06H8.6	1	3	1	3	0	0	-0.502026533547131	1345.9355260011	950.090322224276	-0.15424836584768	616.003323745001	553.43944311926	0	W06H8.6
W06H8.6	2	2	1	6	0	0	-0.612517448448612	971.8222328561	635.278666984052	0.477471606198042	551.463575138033	768.195836935953	0	W06H8.6
W06H8.6	1	5	0	8	0	0	0.196314090146121	643.34800209517	737.27288133769	-0.175287609867857	474.801447242339	420.365457416412	0	W06H8.6
W09B6.5	2	1	1	11	1	1	-1.79909173507736	14.267630160216	3.38723657741625	-1.3367398970043	37.0291829952449	14.0562975840448	0	W09B6.5
W09B6.5	1	1	0	12	1	1	1.0158131206524	3.38723657741625	7.87117758741495	-0.480439096805638	14.0562975840448	9.79174340713893	0	W09B6.5
W09H1.2	1	7	1	2	0	0	0.858797885787477	2.82446481933051	5.93576858214378	-0.508903693356393	55.8095784648755	38.9232869399314	0	W09H1.2
W09H1.2	2	3	1	9	0	0	0.212446979148709	2.97287452152294	3.60317792462841	0.633451674461411	54.4105602501409	84.9568508461298	0	W09H1.2
W09H1.2	1	1	0	12	0	0	1.08715220892248	1.69361828870812	4.72270655244897	-1.44429962467994	52.2091053121664	18.5527769819475	0	W09H1.2
W10D5.1	2	3	0	10	0	0	0.285746288996061	222.195972018752	271.084973044103	-0.245256263247429	845.927500567892	713.52387233145	0	W10D5.1
Y102A5C.3	2	2	1	6	0	0	NA	NA	NA	0.529626398194608	287.760355483101	415.841548093429	0	Y102A5C.3
Y102A5C.3	1	5	0	8	0	0	NA	NA	NA	-0.280211368047856	303.944865848316	250.113059214358	0	Y102A5C.3
Y102A5C.6	1	12	0	1	0	0	NA	NA	NA	-0.653337880245116	522.617734953672	331.920124554259	0	Y102A5C.6
Y102A5D.5	2	1	1	1	0	0	NA	NA	NA	3.10064008761351	8.01970948778013	76.3710021098296	1	Y102A5D.5
Y102A5D.5	1	1	1	2	0	0	NA	NA	NA	-1.29819620296198	76.3710021098296	30.461702822555	0	Y102A5D.5
Y102A5D.5	2	10	0	3	0	0	NA	NA	NA	1.5555071052648	30.461702822555	91.47759390401	0	Y102A5D.5
Y108G3AL.7f	2	2	1	2	0	0	0.0437077768945322	5116.51802021721	5273.93038523475	1.07707678037377	301.077989086828	636.311125626704	1	Y108G3AL.7
Y108G3AL.7f	1	6	1	4	0	0	-0.570874262326043	7617.71606323237	5127.98597769274	-0.337914167959621	395.640593634843	312.815838467292	0	Y108G3AL.7
Y108G3AL.7f	2	1	1	10	0	0	-0.00101622965831538	6350.00056250347	6345.52851375604	-0.250728892408983	337.400064788915	283.41566984822	0	Y108G3AL.7
Y108G3AL.7f	1	2	0	11	0	0	-0.0424792394087792	6345.52851375604	6161.38333432015	0.0875331506032655	283.41566984822	301.20637680096	0	Y108G3AL.7
Y110A7A.20	2	1	1	9	0	0	-0.223749786253426	2.97287452152294	2.40211861641894	-2.92413050692037	34.2259975767016	3.64100789340556	0	Y110A7A.20
Y110A7A.20	1	2	1	10	0	0	0.900405235680247	2.40211861641894	5.35036131008098	2.35767477057422	3.64100789340556	22.7871895355353	0	Y110A7A.20
Y110A7A.20	2	1	0	12	0	0	-0.551694443478137	5.08085486612437	3.14847103496598	-1.48283501472953	52.2091053121664	18.0374220657822	0	Y110A7A.20
Y116A8C.25f.2	2	2	1	3	0	0	0.359824767872208	37.0985536383986	47.8907316893538	2.03083825056219	116.769860819794	480.257367996052	1	Y116A8C.25
Y116A8C.25f.2	1	8	0	5	0	0	0.547673109415304	34.7758303093037	51.2944687812777	-1.69366915086115	337.457786355307	103.630738952114	1	Y116A8C.25
Y119D3B.8	2	1	1	4	0	0	0.000667302491407895	46.345869376794	46.3677737457382	1.34262218533141	192.102947198421	488.731966445616	1	Y119D3B.8
Y119D3B.8	1	5	1	5	0	0	-0.107174824922279	46.3677737457382	42.9764468167462	-1.46232608215662	488.731966445616	176.727420891551	1	Y119D3B.8
Y119D3B.8	2	1	1	10	0	0	0.447518725667606	32.4286013216557	44.5863442506748	-0.898708231619812	330.118049002104	176.600718900399	0	Y119D3B.8
Y119D3B.8	1	2	0	11	0	0	-0.190289914526106	44.5863442506748	38.9532206402868	-0.389931003704324	176.600718900399	134.538848304429	0	Y119D3B.8
Y19D10A.11a	2	1	1	4	0	0	0	0	0	0.30616502720306	11.4346992380012	14.3744696013417	0	Y19D10A.11
Y19D10A.11a	1	1	1	5	0	0	0	0	0	-0.459872107356542	14.3744696013417	10.1780190042254	0	Y19D10A.11
Y19D10A.11a	2	3	1	6	0	0	0	0	0	1.80622198543397	10.1780190042254	38.0923555505431	0	Y19D10A.11
Y19D10A.11a	1	1	1	9	0	0	0	0	0	0.435197020192759	11.4086658589005	15.7777008714241	0	Y19D10A.11
Y19D10A.11a	2	1	1	10	0	0	0	0	0	-1.32500180580972	15.7777008714241	5.69679738388383	0	Y19D10A.11
Y19D10A.11a	1	2	0	11	0	0	0	0	0	-2.74347131900004	5.69679738388383	0	0	Y19D10A.11
Y22F5A.3b	2	1	1	8	0	0	0.0978457923173242	243.003729052252	260.126520633258	-0.502969828467269	239.199213951633	168.497218839146	0	Y22F5A.3
Y22F5A.3b	1	4	0	9	0	0	0.0290297897645981	260.126520633258	265.434107114293	0.239039636796496	168.497218839146	199.041764839504	0	Y22F5A.3
Y2H9A.3	2	1	1	8	1	-1	0.311418529574104	6.99291306625184	8.91862356456883	-0.777521666262062	50.3577292529754	28.9604594879782	0	Y2H9A.3
Y2H9A.3	1	1	1	9	1	-1	1.26396926366372	8.91862356456883	22.8201268559799	1.25271922469219	28.9604594879782	70.3928192725075	0	Y2H9A.3
Y2H9A.3	2	3	0	10	1	-1	-1.26416632460333	22.8201268559799	8.91726885013497	-0.197923658414134	70.3928192725075	61.2405718767512	0	Y2H9A.3
Y37A1B.17c	1	2	1	2	1	1	0.265250891474329	2670.53148667699	3209.76686079425	-0.561705414697682	245.268410621953	165.847048700577	0	Y37A1B.17
Y37A1B.17c	2	9	0	4	1	1	0.581351616903609	2711.23335854245	4057.18020275209	0.879319118797261	153.224969789217	282.697902159719	0	Y37A1B.17
Y38C1AA.4a	1	12	0	1	1	1	-0.772147908004537	425.189071921852	248.552904101085	-0.38943393920568	86.8801861176181	66.0902902873525	0	Y38C1AA.4
Y38F2AR.10	2	4	1	5	0	0	0.708917700235634	7.24496464777159	12.4770329467973	0.823970506705281	197.135583104114	349.753743963383	0	Y38F2AR.10
Y38F2AR.10	1	4	0	9	0	0	0.212446979148709	2.97287452152294	3.60317792462841	-0.153903955493965	187.804191831132	168.700032394458	0	Y38F2AR.10
Y39B6A.25	2	1	1	1	0	0	-0.319900648443619	3.77386750226496	2.82446481933051	2.37386327994195	4.00985474389006	24.9674429974443	0	Y39B6A.25
Y39B6A.25	1	3	1	2	0	0	0.511481756667177	2.82446481933051	4.45182643660784	-1.01536030167495	24.9674429974443	11.8462177643269	0	Y39B6A.25
Y39B6A.25	2	1	1	5	0	0	0.801299777573944	4.34697878866296	8.31802196453152	0.539812469133724	13.6899710488968	20.3560380084509	0	Y39B6A.25
Y39B6A.25	1	2	1	6	0	0	0.000682011010046057	8.31802196453152	8.32242795175614	-4.41657211664406	20.3560380084509	0	0	Y39B6A.25
Y39B6A.25	2	1	1	8	0	0	-0.178605294002898	3.49645653312592	2.97287452152294	-2.94511801975253	26.9773549569511	2.63276904436166	0	Y39B6A.25
Y39B6A.25	1	4	0	9	0	0	-1.99018322835294	2.97287452152294	0	0.688519978777046	2.63276904436166	4.85467719120741	0	Y39B6A.25
Y39B6A.47a	2	2	1	2	0	0	-0.365492813421768	74.8483177122584	57.8737436759019	2.10069791139241	10.2807118224771	47.3848710573077	0	Y39B6A.47
Y39B6A.47a	1	9	0	4	0	0	-0.173234114188336	111.230086504306	98.5315192096937	-0.711293888868305	32.0171578664035	19.1659594684555	0	Y39B6A.47
Y39G10AR.17	2	3	1	8	0	0	0.339315942120141	171.32637012317	217.019840071175	-0.133960060717875	188.841484698658	172.007577564962	0	Y39G10AR.17
Y39G10AR.17	1	2	0	11	0	0	0.0463845618347207	244.333166493698	252.34912501751	-0.313317572053853	102.542352909909	82.3297429922624	0	Y39G10AR.17
Y41C4A.12a	2	5	0	8	0	0	-0.061349020377242	124.12420692597	118.914980860918	-0.137332423898515	827.305552013167	752.09435700598	0	Y41C4A.12
Y45F10A.3b	2	7	0	6	0	0	-0.0518418414238146	153.883406343833	148.416631806318	0.622866541291504	301.639472307045	465.044174012881	0	Y45F10A.3
Y47H10A.1	1	10	0	3	1	1	-0.387699115528525	32.6467272017908	24.7177970009568	-1.54806843649811	436.617740456621	148.651090094016	1	Y47H10A.1
Y48E1B.11	2	2	1	4	0	0	0.0693196820626634	38.621557813995	40.5718020275209	0.969257726016835	949.080036754103	1859.09806844019	1	Y48E1B.11
Y48E1B.11	1	2	1	6	0	0	0.635296749907394	29.1130768758603	45.7733537346588	-0.288387300739515	1200.08096804367	982.465336907758	0	Y48E1B.11
Y48E1B.11	2	4	1	8	0	0	-0.305638267570172	31.4681087981333	25.269433432945	0.00872809155958088	1280.52511528995	1288.3016523743	0	Y48E1B.11
Y48E1B.11	1	1	0	12	0	0	-0.0304985834195444	32.1787474854543	31.4847103496598	-0.488871718239853	1064.26253136339	758.087081679019	0	Y48E1B.11
Y48G9A.7	2	1	1	9	0	0	-0.415316275607103	16.3508098683762	12.0105930820947	-2.5898067793753	56.1657396130487	8.49568508461297	0	Y48G9A.7
Y48G9A.7	1	3	0	10	0	0	0.533693894144367	12.0105930820947	17.8345377002699	0.208140018524886	8.49568508461297	9.9693954217967	0	Y48G9A.7
Y50D7A.7	2	6	1	3	1	1	0.84975315530245	3932.44668567026	7087.82829002436	0.464952790849781	3863.55930799406	5333.14372460378	0	Y50D7A.7
Y50D7A.7	1	4	0	9	1	1	-0.114536081878695	3219.62310680935	2973.82284712665	-0.0817452326728763	3828.92378018331	3617.94817674733	0	Y50D7A.7
Y53F4B.16	2	5	0	8	0	0	1.14135140527747	3.49645653312592	8.91862356456883	-0.338275894633565	4060.99116618637	3211.97823412122	0	Y53F4B.16
Y53F4B.45	2	1	1	4	0	0	NA	NA	NA	1.15264590741487	230.980924607625	514.74291143852	1	Y53F4B.45
Y53F4B.45	1	8	0	5	0	0	NA	NA	NA	-1.00319488854271	514.74291143852	256.301024015495	0	Y53F4B.45
Y55F3AM.10	2	1	1	10	0	0	0.191769040077945	73.2646178007777	83.8223271912687	-0.245244246623081	1549.85569329297	1307.41499960134	0	Y55F3AM.10
Y55F3AM.10	1	2	0	11	0	0	-0.268082953887255	83.8223271912687	69.4383498370331	0.0940878749886256	1307.41499960134	1395.58954584445	0	Y55F3AM.10
Y55F3BR.2c	1	1	1	4	0	0	-0.306261139732182	559.240157146647	452.085794020948	-0.29341786749419	1150.33074334293	938.447515401877	0	Y55F3BR.2
Y55F3BR.2c	2	4	1	5	0	0	0.224013523070557	452.085794020948	528.194394747752	0.0945410339107688	938.447515401877	1002.07223468874	0	Y55F3BR.2
Y55F3BR.2c	1	1	1	9	0	0	-0.111157625100406	387.960125058744	359.116733154632	0.408939624691696	862.67065686917	1145.70381712495	0	Y55F3BR.2
Y55F3BR.2c	2	1	1	10	0	0	0.0116683090648557	359.116733154632	362.04111531548	-0.331869474859811	1145.70381712495	910.063382075442	0	Y55F3BR.2
Y55F3BR.2c	1	2	0	11	0	0	0.0736818138777871	362.04111531548	381.064114959328	-0.216446462264029	910.063382075442	783.136579682496	0	Y55F3BR.2
Y62E10A.4a	2	1	0	12	0	0	0.932197030640423	13.548946309665	26.7620037972108	-1.71593016100441	36.1447652161152	10.3070983233041	0	Y62E10A.4
Y66D12A.3	2	3	1	2	0	0	0.832541771922275	7.06116204832627	13.3554793098235	0.312851508623599	223.238313859502	277.539959049945	0	Y66D12A.3
Y66D12A.3	1	1	1	5	0	0	-0.215741859745724	13.0409363659889	11.0906959527087	-0.791415493858543	410.699131466905	236.870260461974	0	Y66D12A.3
Y66D12A.3	2	3	1	6	0	0	0.157312930686124	11.0906959527087	12.4836419276342	0.237022976778431	236.870260461974	279.343940703983	0	Y66D12A.3
Y66D12A.3	1	1	1	9	0	0	0.905484537426025	5.94574904304589	12.0105930820947	1.08649957866022	162.354091068969	345.895749873528	0	Y66D12A.3
Y66D12A.3	2	1	1	10	0	0	0.0515806766795235	12.0105930820947	12.484176390189	-1.11183604603322	345.895749873528	159.510326748747	0	Y66D12A.3
Y66D12A.3	1	1	1	11	0	0	-2.3236500780363	12.484176390189	1.69361828870812	1.02354563267614	159.510326748747	325.302886945037	0	Y66D12A.3
Y66D12A.3	2	1	0	12	0	0	3.44506661339833	1.69361828870812	28.3362393146938	-0.192842724506972	325.302886945037	284.475913723194	0	Y66D12A.3
Y67D8A.3	1	3	1	1	0	0	-0.130155426171017	276.75028349943	252.78960133008	-1.39316027288277	144.354770780042	54.3409053473787	0	Y67D8A.3
Y67D8A.3	2	2	1	4	0	0	0.471713512317019	234.819071509089	326.023409149722	0.697151486735408	121.207811922813	197.135583104114	0	Y67D8A.3
Y67D8A.3	1	2	1	6	0	0	-0.0119092366968108	316.084834652198	313.478119516148	-1.01522799178033	206.336203449298	101.579614801448	0	Y67D8A.3
Y67D8A.3	2	4	1	8	0	0	0.125770999798028	246.500185585377	269.045144197826	-0.398835962894926	257.184117256267	194.824909282763	0	Y67D8A.3
Y67D8A.3	1	1	0	12	0	0	0.159604429932612	326.868329720668	365.222640056054	-1.12004984580433	96.3860405763072	43.8051678740426	0	Y67D8A.3
Y69A2AR.31	1	8	0	5	1	1	-0.38655902942959	92.7355474914764	70.703186698518	-0.336107502428543	2675.02034295444	2118.87850178875	0	Y69A2AR.31
Y71F9B.13a	2	11	0	2	0	0	-0.0100464205567423	385.539447838614	382.857073548274	0.868061106615778	210.020255802031	384.155918928888	0	Y71F9B.13
Y71F9B.15	2	11	0	2	0	0	1.13851279128012	2.82446481933051	7.41971072767973	1.28165980724586	82.2456945798165	201.385701993558	0	Y71F9B.15
Y71H2AL.1	2	4	1	8	1	1	-0.0572198491828892	617.124578096725	593.088467043827	-0.147296226725548	852.484416639655	769.646150635058	0	Y71H2AL.1
Y71H2AL.1	1	1	0	12	1	1	0.294631065128513	592.766401047843	727.296809077141	-0.117176157788283	546.187563265741	503.501753093407	0	Y71H2AL.1
Y75B12B.4	2	3	0	10	0	0	-0.00827698515107489	138.121820444089	137.325940292079	-0.58670486779112	319.195025321887	212.205702549673	0	Y75B12B.4
Y76A2B.3	2	1	1	10	0	0	0.20125081899214	2075.43048458596	2386.26114429612	-0.262248711176577	1810.79459232037	1509.65130672921	0	Y76A2B.3
Y76A2B.3	1	2	0	11	0	0	-0.150884455637749	2386.26114429612	2149.20160837061	-0.11949907454119	1509.65130672921	1389.56541830843	0	Y76A2B.3
ZC123.4c	2	3	1	8	1	1	-0.0979680105762535	89.159641594711	83.2404866026424	-0.351031239318576	1453.18018701443	1139.11140652714	0	ZC123.4
ZC123.4c	1	2	0	11	1	1	0.662131727492087	60.6374281809178	96.536242456363	-0.886441543922174	695.009280833827	375.503949745197	0	ZC123.4
ZC317.6	2	5	0	8	0	0	-0.446320994254972	10.4893695993778	7.43218630380736	0.165729880722078	59.3501809052924	66.6968157904954	0	ZC317.6
ZC334.14	2	5	1	6	0	0	NA	NA	NA	1.22504354070603	25.9076847380284	61.9000777696326	0	ZC334.14
ZC334.14	1	2	0	11	0	0	NA	NA	NA	-1.1046471973142	27.0597875734482	12.0482550720384	0	ZC334.14
ZC416.1	2	1	1	8	1	-1	0.248135504481723	69.9291306625184	83.2404866026424	-0.82601290397373	1435.1952837098	809.137686300483	0	ZC416.1
ZC416.1	1	1	1	9	1	-1	0.494780593245432	83.2404866026424	117.703812204528	0.795797745728418	809.137686300483	1405.42904685455	0	ZC416.1
ZC416.1	2	3	0	10	1	-1	-0.0893636626681555	117.703812204528	110.574133741674	-0.331668620371417	1405.42904685455	1116.57228724123	0	ZC416.1
ZK218.17	1	12	0	1	0	0	NA	NA	NA	-2.78247205101555	106.929459837068	14.6867311749672	1	ZK218.17
ZK218.21	1	8	1	1	0	0	NA	NA	NA	-0.782023088930529	81.5337131257646	46.9975397598951	0	ZK218.21
ZK218.21	2	1	1	9	0	0	NA	NA	NA	-0.233501505756001	77.227891967942	65.5381420813001	0	ZK218.21
ZK218.21	1	3	0	10	0	0	NA	NA	NA	-0.702871733834781	65.5381420813001	39.8775816871868	0	ZK218.21
ZK662.3b	2	6	1	3	0	0	-0.124321770934566	724.163767021542	664.290794400714	0.823429650163431	189.539484229231	336.180157597237	0	ZK662.3
ZK662.3b	1	4	0	9	0	0	-0.0609480189990705	805.648995332718	772.281135178689	-0.0829493800322663	276.440749657974	260.938899027399	0	ZK662.3
