ID	up_or_down	duration	completeness	stgen	wilcox_sig	wilcox_dir	mRNA_fold_change	mRNA_before	mRNA_after	22G_fold_change	22G_before	22G_after	MAplot_significant	ID
B0348.4u	2	9	0	4	0	0	-0.353211112110419	2156.62778833348	1688.07676293078	0.227475394262518	265.285022321629	310.762342809958	0	B0348.4
B0348.5a	1	8	0	5	1	-1	-0.58482568929741	27.5308656615321	18.0223809231516	-0.762557963771993	562.657810109659	331.248254864792	0	B0348.5
B0454.9	2	6	1	4	0	0	-0.245556369500457	642.662722024876	541.923355653315	1.0071745861704	196.676826893621	396.324661865563	0	B0454.9
B0454.9	1	3	0	10	0	0	-0.228846705577096	508.048087372606	433.37926611656	-1.18111463146228	211.178457817523	92.5729574881122	0	B0454.9
C03E10.3	2	3	0	10	0	0	0.310257231357332	22.8201268559799	28.5352603204319	0.310014109006512	146.853985034024	182.297516284283	0	C03E10.3
C04F12.5	2	3	1	9	0	0	0.313714716829686	303.23320119534	377.132622777774	-0.217730469189856	36.8587666210632	31.5554017428482	0	C04F12.5
C04F12.5	1	1	0	12	0	0	0.0869652731358705	379.37049667062	403.004292475645	-0.786259989236904	14.0562975840448	7.73032374247811	0	C04F12.5
C05C10.4.3	1	7	0	6	0	0	0.108510110850089	2108.61856800874	2273.40990215472	-0.675304231036315	94.3779944028177	58.7257148070873	0	C05C10.4
C05D11.13	2	9	0	4	0	0	-0.228808412831101	220.915310696051	188.369080842061	0.269380092612291	59.4604360376065	71.8723480067083	0	C05D11.13
C06A1.3	1	12	0	1	1	1	-0.729590184448258	26.4170725158547	15.5345565063178	-0.595774331971072	140.344916036152	92.5264064022935	0	C06A1.3
C06H2.4	1	4	0	9	0	0	0.0999722595769086	227.424900896505	243.815039566522	0.114589284712806	64.9416364275876	70.3928192725075	0	C06H2.4
C14C11.1	2	5	0	8	0	0	0.627341763271485	3.49645653312592	5.94574904304589	0.114329574569775	147.476207097999	159.721322024607	0	C14C11.1
C14F5.3d	2	3	1	5	0	0	0.529735799867597	1411.31911338591	2037.91538131022	0.625556986230055	6.84498552444841	11.103293459155	0	C14F5.3
C14F5.3d	1	5	0	8	0	0	0.57055158750836	1603.12532043824	2381.27249173988	-2.12567926437604	7.19396132185363	0.877589681453886	0	C14F5.3
C16H3.3a	1	3	0	10	1	-1	-0.0934889317505387	540.476688694261	506.500870687666	-0.993043902445113	635.962712048171	319.020653497494	0	C16H3.3
C18D4.6c	2	11	0	2	1	-1	0.635789395012881	57.9015287962754	90.5204708776927	0.164038363751642	1384.95874979941	1551.85452712683	0	C18D4.6
C27D8.3b	2	7	0	6	0	0	-0.573140653991647	514.331024806866	345.38075999788	0.268812633487096	1551.68526091691	1869.69978493916	0	C27D8.3
C30D11.1j	2	3	0	10	0	0	-0.255888078744235	123.709108745575	103.440318661566	-0.254859211277717	343.468411277925	287.688267886133	0	C30D11.1
C34C12.5.1	2	7	0	6	1	-1	-0.299782557966076	1222.74922878613	993.143068909566	0.441928105831202	872.533810998599	1185.62456651065	0	C34C12.5
C36C9.1	1	12	0	1	0	0	0.185687445105767	1525.90042674913	1735.6336314786	-0.245348407229545	252.620848865074	212.957602037025	0	C36C9.1
C45E1.4	2	3	0	10	0	0	-0.014310937700059	50.4444909447977	49.9367055607558	-0.490908445533067	76.4611657615168	54.1195751468964	0	C45E1.4
C52E4.2c	1	7	0	6	0	0	-0.0860968063789507	1185.31812994574	1116.59241686062	-1.77870497594658	1080.72056335776	314.261933291981	0	C52E4.2
C53D6.12	2	4	1	2	0	0	NA	NA	NA	1.24870507623655	4.40601935249017	11.8462177643269	0	C53D6.12
C53D6.12	1	7	0	6	0	0	NA	NA	NA	-0.480444103814766	9.25274454929585	6.34872592509052	0	C53D6.12
C55C3.3	2	2	0	11	1	-1	0.0903574990285696	131.975578981998	140.570317962774	-0.324721892309954	646.586503070815	516.066925585645	0	C55C3.3
C55C3.6a	2	6	1	4	1	1	0.135268465363215	35.5318331888754	39.1228090979666	3.34007624427694	4.5738796952005	55.4443827480321	1	C55C3.6
C55C3.6a	1	3	0	10	1	1	0.424784139634299	2.40211861641894	3.56690754005399	2.39851401552788	0	4.27259803791287	1	C55C3.6
D2096.3.3	1	4	0	9	0	0	0.851501054129299	894.835230978406	1615.42476954174	0.791623875650382	468.632889896375	811.94476022944	0	D2096.3
F01D4.4.3	1	12	0	1	1	-1	-0.255571094271954	1595.08799762399	1335.97185954333	-0.201022538928476	147.028007275969	127.774561222215	0	F01D4.4
F01F1.3	2	2	0	11	0	0	-0.157643216191357	221.148267483347	198.15333977885	0.752157664881602	195.115310398021	329.318971969049	0	F01F1.3
F08G12.4	2	5	1	5	0	0	-0.0492443983522453	289.798585910864	280.040072805895	1.27294428800446	62.9738668249254	153.595559518311	0	F08G12.4
F08G12.4	1	3	0	10	0	0	0.301546492160912	227.00020925159	280.002241894238	-0.562917822537976	82.529512250526	55.5437744928673	0	F08G12.4
F17A9.4	1	12	0	1	0	0	-0.362160183225686	835.282673834644	649.626908446017	-1.25180169956046	120.295642316702	49.9348859948886	0	F17A9.4
F22F7.5a	2	5	0	8	1	-1	0.121135905723833	281.464750916637	306.206075716863	-0.117005160586414	683.426325576095	630.10939128389	0	F22F7.5
F22F7.5b	2	5	0	8	0	0	NA	NA	NA	-0.117022364968371	1204.98852141048	1111.02853672062	0	F22F7.5
F22H10.10	2	3	1	6	0	0	NA	NA	NA	0.785043869270894	111.03293459155	192.048959233988	0	F22H10.10
F22H10.10	1	4	0	9	0	0	NA	NA	NA	0.126417692789776	121.107376040636	132.289953460402	0	F22H10.10
F23F12.3	2	2	1	2	0	0	-0.404723289256868	94.619571447572	71.2292229857254	0.809683974486444	142.461292397182	250.462889874341	0	F23F12.3
F23F12.3	1	9	0	4	0	0	0.340889072906504	74.1533910028704	94.1845404210307	-0.799311895917792	267.571962169229	153.327675747644	0	F23F12.3
F26D10.9a	1	5	1	1	0	0	-0.467561516526535	660.426812896368	477.334554466856	-1.0423726380205	164.404044499493	79.308348344823	0	F26D10.9
F26D10.9a	2	5	1	6	0	0	-0.322886954974555	661.282746180256	528.474174936515	1.18913044075464	107.331836771832	246.013129597258	0	F26D10.9
F26D10.9a	1	2	0	11	0	0	-0.222449824910196	474.39870282718	406.46838928995	-0.946184470568523	105.390751601851	54.2171478241728	0	F26D10.9
F29B9.9a	2	5	0	8	1	-1	1.3982101581754	15.7340543990666	43.1066805620827	-0.415171339273279	1330.88284454292	997.819467813069	0	F29B9.9
F31B9.3	1	10	0	3	0	0	0.504466740008898	273.045354778614	387.76044045251	-1.15921242145515	77.8465738798627	34.3040977140037	0	F31B9.3
F31C3.11	2	12	0	1	0	0	NA	NA	NA	2.5847272563649	13.3661824796335	85.1830408148099	0	F31C3.11
F31C3.7	2	12	0	1	0	0	NA	NA	NA	0.502233271403768	229.898338649697	326.045432084272	0	F31C3.7
F32B6.9	2	8	0	5	1	-1	-0.419173433638922	317.329451572396	237.063625989148	0.331089746220915	791.964825178681	996.520587959164	0	F32B6.9
F33E2.6	2	1	1	3	0	0	0	0	0	0.780519657278177	1096.62130161198	1884.43843442261	0	F33E2.6
F33E2.6	1	2	1	4	0	0	0	0	0	-0.423020756793619	1884.43843442261	1405.27552816926	0	F33E2.6
F33E2.6	2	3	1	6	0	0	0	0	0	0.816238496809433	1065.91617207888	1877.63569234552	0	F33E2.6
F33E2.6	1	1	1	9	0	0	0	0	0	0.408383056807601	1290.05683173721	1712.48737919842	0	F33E2.6
F33E2.6	2	1	1	10	0	0	0	0	0	-0.412865211993326	1712.48737919842	1286.05200941177	0	F33E2.6
F33E2.6	1	2	0	11	0	0	0	0	0	-0.00101457594936427	1286.05200941177	1285.1472076841	0	F33E2.6
F35F11.2	1	4	0	9	0	0	-0.501693804993864	8.91862356456883	6.00529654104735	0.521723278209732	129.883272855175	186.905071861485	0	F35F11.2
F48A11.1c	1	6	1	2	0	0	0.895555582413667	132.749846508534	247.818338304503	-0.548333559304325	450.882647071494	308.0016618725	0	F48A11.1
F48A11.1c	2	5	0	8	0	0	0.290287488188662	230.766131186311	282.42307954468	-0.104554932102799	496.3833312079	461.612172444744	0	F48A11.1
F49C5.4	1	2	1	2	1	1	2.44673963348741	0	4.45182643660784	-0.972367857240147	259.95514179692	132.000712231072	0	F49C5.4
F49C5.4	2	2	1	4	1	1	1.07113635089002	1.5448623125598	4.34697878866296	0.744205026213353	118.920872075213	199.873577313894	0	F49C5.4
F49C5.4	1	4	1	6	1	1	-0.607530323522725	11.0906959527087	6.93535662646345	-1.49701464994899	284.059257663383	99.9924333201757	0	F49C5.4
F49C5.4	2	3	0	10	1	1	0.338678102285752	1.20105930820947	1.78345377002699	-0.0631190989131571	296.135308663652	283.41566984822	0	F49C5.4
F49C5.t3	2	12	0	1	0	0	NA	NA	NA	2.15240125895511	48.1182569266808	217.363621389515	1	F49C5.t3
F52A8.4a	2	9	0	4	1	-1	0.137059111615742	71.0636663777507	78.2456181959332	0.671369240854448	36.591037561604	58.8668755102563	0	F52A8.4
F53G12.7a	1	4	0	9	0	0	0.452353413424243	1.48643726076147	2.40211861641894	0.490093332766745	206.233575141663	290.066962174643	0	F53G12.7
F54D10.3	2	2	1	4	0	0	0.21923804228966	63.3393548149518	73.8986394072703	1.63278710291235	1925.60335167941	5973.61886718613	1	F54D10.3
F54D10.3	1	7	0	6	0	0	-0.0929195050140112	65.1578387221636	61.0311383128784	-1.96742799604158	6644.39586084935	1698.28418496171	0	F54D10.3
F54D5.15b.2	2	1	1	8	0	0	0.361127861555049	50.6986197303259	65.4032394735047	-1.20569719244023	102.513948836414	43.8794840726943	0	F54D5.15
F54D5.15b.2	1	4	0	9	0	0	-0.121192254763058	65.4032394735047	60.0529654104735	0.400908226127452	43.8794840726943	58.256126294489	0	F54D5.15
F54E2.3j	1	5	0	8	0	0	0.889168569959365	2092.62923507586	3876.62837606592	0.320799412802582	21.5818839655609	27.2052801250705	0	F54E2.3
F56D12.4a	1	1	0	12	1	1	-0.189474008656294	147.344791117607	129.087312433605	0.117151173188871	265.061611584845	287.568043220185	0	F56D12.4
F57A10.2	1	4	0	9	0	0	-0.682285649912652	4.45931178228441	2.40211861641894	1.11115176423763	142.16952839553	308.272001641671	0	F57A10.2
F57F5.1	2	5	0	8	0	0	-0.154917168442608	33340.4612716222	29945.7650553006	-0.256946545375299	106.110929497341	88.6365578268425	0	F57F5.1
F59H6.2	1	7	0	6	1	1	0	0	0	-0.583625588403088	1227.83920169156	818.985644336677	0	F59H6.2
H24K24.5a	2	7	0	6	1	-1	-0.0927764640552518	396.492380309336	371.735115178441	0.559271531802024	205.410928994368	303.151662923072	0	H24K24.5
K05C4.11	1	8	0	5	1	1	-0.210582779892575	88.3885687028135	76.2485346748723	-0.331109411919662	56.128881300477	44.4131738366201	0	K05C4.11
K07A1.17	2	8	0	5	0	0	-0.0742841752154391	1589.54524372109	1509.72098656247	0.460944936904892	247.103977432588	340.500999414087	0	K07A1.17
K08A2.4	2	1	0	12	0	0	-0.253901178037149	535.183379231767	448.657122482652	-1.2898095251903	206.828378736659	84.0028513349287	0	K08A2.4
K08B4.6	2	3	0	10	1	1	0.00248499379651967	2369.69001509728	2373.77696790593	0.194241181829131	247.588536751578	283.41566984822	0	K08B4.6
K10B4.6a	2	12	0	1	1	1	-0.152001671939942	202.530889288219	182.177980846818	1.43148644044093	196.482882450613	531.659668533814	1	K10B4.6
K10B4.6b	2	3	0	10	0	0	NA	NA	NA	-0.150796546478857	177.195717479071	159.510326748747	0	K10B4.6
K10G6.3r	2	2	0	11	0	0	-0.09092441957171	1417.84574717146	1331.18397492458	0.613919126939811	779.037042246114	1192.7772521318	0	K10G6.3
M01E5.1	2	7	1	2	0	0	0.0422626593152189	1.41223240966525	1.48394214553595	0.850880809747829	146.867311749672	265.693741285618	0	M01E5.1
M01E5.1	1	4	0	9	0	0	0	0	0	-0.326056050444488	213.254292593294	169.91370169226	0	M01E5.1
M142.6c	2	1	1	8	0	0	0.148433864168201	3685.26518591472	4084.72959257252	-0.788739078033537	120.498852141048	69.329584834857	0	M142.6
M142.6c	1	4	0	9	0	0	0.0214940587328396	4084.72959257252	4146.05673193909	-0.0538721827380444	69.329584834857	66.751811379102	0	M142.6
M88.6a	1	11	0	2	0	0	0.310836542134759	460.387765550873	571.317726031339	-0.350353739287327	1057.44464459764	829.235243502886	0	M88.6
M88.7	1	4	1	4	0	0	0.476640190050443	1200.35801685896	1670.68884777613	-0.926379630121255	3565.33922240879	1875.52603369886	1	M88.7
M88.7	2	5	0	8	0	0	-0.0901018612493001	1900.32412575394	1785.21115017453	-0.0330584018097166	3703.09159042416	3619.17984631583	0	M88.7
R01H10.6	2	2	1	4	0	0	-0.244022189905489	44.8010070642342	37.6738161684123	1.61020926621237	22.8693984760025	71.8723480067083	0	R01H10.6
R01H10.6	1	7	0	6	0	0	1.14250287454776	27.7267398817717	62.418209638171	-3.02495164592371	252.599926195777	30.15644814418	0	R01H10.6
R05G6.5	2	5	0	8	0	0	-0.61225210757335	20.9787391987555	13.3779353468532	-0.210568393098212	611.486712357558	528.308988235239	0	R05G6.5
R07E5.4	2	7	0	6	0	0	-0.144176595287671	680.691464097496	615.859668429954	1.09958920795315	275.731787569016	592.018692514691	0	R07E5.4
R07H5.9	1	1	1	1	0	0	-0.107960078904666	21.3852491795014	19.7712537353135	-1.49926455117499	221.878629161917	77.8396752273263	0	R07H5.9
R07H5.9	2	1	1	2	0	0	-0.69040394309493	19.7712537353135	11.8715371642876	1.54126636635044	77.8396752273263	228.462771169162	0	R07H5.9
R07H5.9	1	10	0	3	0	0	0.0536167006407098	11.8715371642876	12.3588985004784	-1.42229471712553	228.462771169162	84.6167743612092	0	R07H5.9
R08E3.3b	1	12	0	1	0	0	0.159841417272352	795.028087143818	888.294185679444	-0.174660577462933	185.789936466906	164.491389159633	0	R08E3.3
R11G10.3	2	5	0	8	0	0	0.733445908095015	17.4822826656296	29.7287452152294	-0.441545713617809	258.982607586731	190.436960875493	0	R11G10.3
R13F6.9	2	2	1	9	0	0	0.0999092779714141	154.589475119193	165.746184532907	-0.572271895419691	143.047118076983	95.8798745263464	0	R13F6.9
R13F6.9	1	2	0	11	0	0	-0.159386067591457	185.479192082807	165.974592293396	-0.495682890900335	68.3615686066059	48.1930202881536	0	R13F6.9
T05C3.6a	1	4	1	4	0	0	0.342303447175025	293.523839386362	372.39118289546	-0.527619279983979	32.0171578664035	21.9039536782349	0	T05C3.6
T05C3.6a	2	5	0	8	0	0	0.011620140024581	414.330099175422	417.688870273974	-0.457545864614102	44.9622582615852	32.4708182137938	0	T05C3.6
T05E11.9	1	2	0	11	0	0	NA	NA	NA	0.134095911650186	160.934526094718	176.707741056563	0	T05E11.9
T07F10.6	2	5	0	8	0	0	0.531524424373937	19.2305109321926	28.242307954468	-0.385595926358108	294.952414195999	225.540548133649	0	T07F10.6
T20F5.5	1	2	1	2	0	0	0.533376671240764	43.7792046996229	63.8095122580457	-1.51338872892059	30.8421354674312	10.1539009408517	0	T20F5.5
T20F5.5	2	1	1	4	0	0	1.16781132388288	20.0832100632774	46.3677737457382	2.51687474110771	20.5824586284022	122.525240887627	1	T20F5.5
T20F5.5	1	8	0	5	0	0	0.18050045947153	46.3677737457382	52.6808057753663	-3.46606943118484	122.525240887627	10.1780190042254	1	T20F5.5
T24A11.3	1	9	1	1	0	0	-0.664622808950906	533.373273653447	336.11131350033	-2.08468663722362	102.919605093178	23.4987698799476	0	T24A11.3
T24A11.3	2	2	1	10	0	0	0.000668708408120722	338.698724915071	338.856216305129	0.60418568829434	43.6920947208667	66.937369260635	0	T24A11.3
T24A11.3	1	1	0	12	0	0	0.0853165288957438	370.902405227079	393.558879370747	-0.719514110571422	26.1045526560832	15.4606474849562	0	T24A11.3
T26C11.5	2	2	1	4	0	0	0.681480594511989	247.177970009568	397.024062697883	0.457058872140991	91.47759390401	125.947733649851	0	T26C11.5
T26C11.5	1	7	0	6	0	0	-0.12591154327092	361.833955457121	331.510046744953	-1.67089625133712	315.518589130989	98.4052518389031	0	T26C11.5
T26C11.9	1	4	1	1	0	0	-0.00290051071156849	22.6432050135897	22.5957185546441	-1.43047902196444	29.4056014551938	10.2807118224771	0	T26C11.9
T26C11.9	2	1	1	5	0	0	0.363658755425559	15.9389222250975	20.7950549113288	1.51551407052199	17.7969623635659	52.7406439309864	0	T26C11.9
T26C11.9	1	3	1	6	0	0	-0.551526992583565	20.7950549113288	13.8707132529269	-1.54168949938718	52.7406439309864	17.4589962939989	0	T26C11.9
T26C11.9	2	1	1	9	0	0	0.553380652783185	19.3236843898991	28.8254233970273	-0.735754687694021	28.9604594879782	16.9913701692259	0	T26C11.9
T26C11.9	1	3	0	10	0	0	0.29802127105824	28.8254233970273	35.6690754005399	-0.5377103596097	16.9913701692259	11.3935947677677	0	T26C11.9
W02C12.3h.1	2	1	0	12	0	0	0.172899987140532	914.553875902387	1031.12426395136	-2.03061290938285	1409.64584342849	344.257083998358	1	W02C12.3
W02D3.1	2	1	0	12	0	0	0.0522293438185351	1964.59721490142	2037.06075962299	-0.905601014461393	650.605773890073	346.833858579184	0	W02D3.1
W02D7.5	2	2	1	9	0	0	0.0621884548524463	289.855265848487	302.666945668786	0.877571636268637	64.9416364275876	120.153260482384	0	W02D7.5
W02D7.5	1	2	0	11	0	0	0.0226588480644345	306.754048444643	311.625765122295	-0.547996533241918	32.756584957332	22.0884676320704	0	W02D7.5
W02G9.1	2	12	0	1	1	-1	0.0186182985373851	103.152378395242	104.505198315229	0.100398859717371	1486.31949173525	1593.51033248394	0	W02G9.1
W03F11.5	2	5	0	8	1	-1	-0.416429517396917	12.2375978659407	8.91862356456883	-0.392713094627636	789.537255073436	601.148931795912	0	W03F11.5
W05F2.6a	2	5	0	8	0	0	-0.109919824415117	3484.21893525998	3228.54173037392	0.136195607167362	1111.46702422639	1221.60483658381	0	W05F2.6
W06H8.6	1	5	1	1	0	0	-1.11974255943792	1293.17859744279	594.549844469072	-1.10830926527526	843.406114464877	390.667049254128	1	W06H8.6
W06H8.6	2	2	1	6	0	0	-0.612517448448612	971.8222328561	635.278666984052	0.477471606198042	551.463575138033	768.195836935953	0	W06H8.6
W06H8.6	1	5	0	8	0	0	0.196314090146121	643.34800209517	737.27288133769	-0.175287609867857	474.801447242339	420.365457416412	0	W06H8.6
W09B6.5	2	1	1	11	1	1	-1.79909173507736	14.267630160216	3.38723657741625	-1.3367398970043	37.0291829952449	14.0562975840448	0	W09B6.5
W09B6.5	1	1	0	12	1	1	1.0158131206524	3.38723657741625	7.87117758741495	-0.480439096805638	14.0562975840448	9.79174340713893	0	W09B6.5
W09H1.2	1	7	1	2	0	0	0.858797885787477	2.82446481933051	5.93576858214378	-0.508903693356393	55.8095784648755	38.9232869399314	0	W09H1.2
W09H1.2	2	4	0	9	0	0	0.212446979148709	2.97287452152294	3.60317792462841	0.633451674461411	54.4105602501409	84.9568508461298	0	W09H1.2
W10D5.1	2	3	0	10	0	0	0.285746288996061	222.195972018752	271.084973044103	-0.245256263247429	845.927500567892	713.52387233145	0	W10D5.1
Y102A5C.6	1	12	0	1	0	0	NA	NA	NA	-0.653337880245116	522.617734953672	331.920124554259	0	Y102A5C.6
Y102A5D.5	2	12	0	1	0	0	NA	NA	NA	3.10064008761351	8.01970948778013	76.3710021098296	1	Y102A5D.5
Y108G3AL.7f	2	2	1	2	0	0	0.0437077768945322	5116.51802021721	5273.93038523475	1.07707678037377	301.077989086828	636.311125626704	1	Y108G3AL.7
Y108G3AL.7f	1	9	0	4	0	0	-0.570874262326043	7617.71606323237	5127.98597769274	-0.337914167959621	395.640593634843	312.815838467292	0	Y108G3AL.7
Y110A7A.20	1	8	1	1	0	0	-0.560497165292658	8.80569083861823	5.64892963866101	-1.10114562571196	20.0492737194503	8.81203870498033	0	Y110A7A.20
Y110A7A.20	2	1	1	9	0	0	-0.223749786253426	2.97287452152294	2.40211861641894	-2.92413050692037	34.2259975767016	3.64100789340556	0	Y110A7A.20
Y110A7A.20	1	1	1	10	0	0	0.900405235680247	2.40211861641894	5.35036131008098	2.35767477057422	3.64100789340556	22.7871895355353	0	Y110A7A.20
Y110A7A.20	2	2	0	11	0	0	-0.0625645211466264	5.35036131008098	5.08085486612437	1.16148831851235	22.7871895355353	52.2091053121664	0	Y110A7A.20
Y116A8C.25f.2	2	2	1	3	0	0	0.359824767872208	37.0985536383986	47.8907316893538	2.03083825056219	116.769860819794	480.257367996052	1	Y116A8C.25
Y116A8C.25f.2	1	8	0	5	0	0	0.547673109415304	34.7758303093037	51.2944687812777	-1.69366915086115	337.457786355307	103.630738952114	1	Y116A8C.25
Y119D3B.8	2	1	1	4	0	0	0.000667302491407895	46.345869376794	46.3677737457382	1.34262218533141	192.102947198421	488.731966445616	1	Y119D3B.8
Y119D3B.8	1	5	1	5	0	0	-0.107174824922279	46.3677737457382	42.9764468167462	-1.46232608215662	488.731966445616	176.727420891551	1	Y119D3B.8
Y119D3B.8	2	1	1	10	0	0	0.447518725667606	32.4286013216557	44.5863442506748	-0.898708231619812	330.118049002104	176.600718900399	0	Y119D3B.8
Y119D3B.8	1	2	0	11	0	0	-0.190289914526106	44.5863442506748	38.9532206402868	-0.389931003704324	176.600718900399	134.538848304429	0	Y119D3B.8
Y19D10A.11a	2	10	0	3	0	0	0	0	0	1.50384340297188	3.38463364695055	11.4346992380012	0	Y19D10A.11
Y2H9A.3	2	1	0	12	1	-1	-0.375781639477577	8.46809144354062	6.29694206993196	-0.77203185895454	98.3940830883136	57.204395694338	0	Y2H9A.3
Y37E11AL.1	2	3	0	10	1	1	-1.21592771992049	9.60847446567576	3.56690754005399	0.19615114419245	517.02312086359	592.466927923918	0	Y37E11AL.1
Y37H2B.1	1	3	0	10	0	0	NA	NA	NA	0.516639593419137	31.5554017428482	45.5743790710706	0	Y37H2B.1
Y38C1AA.4a	1	11	0	2	1	1	-0.466891342908219	248.552904101085	179.556999609849	-1.17227452003757	66.0902902873525	28.7693859990797	0	Y38C1AA.4
Y38F2AL.1	2	11	0	2	0	0	0.648402515471697	64.9626908446017	102.39200804198	0.476786793814831	259.95514179692	362.155800223709	0	Y38F2AL.1
Y38F2AR.10	2	8	0	5	0	0	0.708917700235634	7.24496464777159	12.4770329467973	0.823970506705281	197.135583104114	349.753743963383	0	Y38F2AR.10
Y39B6A.47a	2	2	1	2	0	0	-0.365492813421768	74.8483177122584	57.8737436759019	2.10069791139241	10.2807118224771	47.3848710573077	0	Y39B6A.47
Y39B6A.47a	1	9	0	4	0	0	-0.173234114188336	111.230086504306	98.5315192096937	-0.711293888868305	32.0171578664035	19.1659594684555	0	Y39B6A.47
Y39G10AR.17	2	5	0	8	0	0	0.339315942120141	171.32637012317	217.019840071175	-0.133960060717875	188.841484698658	172.007577564962	0	Y39G10AR.17
Y39G10AR.24	2	5	0	8	0	0	NA	NA	NA	0.209148875021908	91.7230068536338	106.18835145592	0	Y39G10AR.24
Y40A1A.4	1	7	0	6	0	0	NA	NA	NA	-0.683984910178754	477.441618743666	296.802936997982	0	Y40A1A.4
Y41C4A.12a	2	5	0	8	0	0	-0.061349020377242	124.12420692597	118.914980860918	-0.137332423898515	827.305552013167	752.09435700598	0	Y41C4A.12
Y45F10A.3b	2	8	0	5	0	0	-0.0889750372096589	163.736201039638	153.883406343833	1.6750018949351	93.7763016849432	301.639472307045	1	Y45F10A.3
Y47H10A.1	1	10	0	3	1	1	-0.387699115528525	32.6467272017908	24.7177970009568	-1.54806843649811	436.617740456621	148.651090094016	1	Y47H10A.1
Y48B6A.10	1	9	0	4	0	0	-0.44008862304066	417.112824391146	307.186501065516	-1.12514861117072	201.250706588822	91.7228060276087	0	Y48B6A.10
Y48E1B.11	2	10	0	3	0	0	0.300893265754978	31.1627850562549	38.621557813995	0.182813656458753	836.004510796787	949.080036754103	0	Y48E1B.11
Y48G9A.7	2	1	1	9	0	0	-0.415316275607103	16.3508098683762	12.0105930820947	-2.5898067793753	56.1657396130487	8.49568508461297	0	Y48G9A.7
Y48G9A.7	1	3	0	10	0	0	0.533693894144367	12.0105930820947	17.8345377002699	0.208140018524886	8.49568508461297	9.9693954217967	0	Y48G9A.7
Y50D7A.7	2	6	1	3	1	1	0.84975315530245	3932.44668567026	7087.82829002436	0.464952790849781	3863.55930799406	5333.14372460378	0	Y50D7A.7
Y50D7A.7	1	4	0	9	1	1	-0.114536081878695	3219.62310680935	2973.82284712665	-0.0817452326728763	3828.92378018331	3617.94817674733	0	Y50D7A.7
Y53F4B.16	2	5	0	8	0	0	1.14135140527747	3.49645653312592	8.91862356456883	-0.338275894633565	4060.99116618637	3211.97823412122	0	Y53F4B.16
Y53F4B.45	2	1	1	4	0	0	NA	NA	NA	1.15264590741487	230.980924607625	514.74291143852	1	Y53F4B.45
Y53F4B.45	1	8	0	5	0	0	NA	NA	NA	-1.00319488854271	514.74291143852	256.301024015495	0	Y53F4B.45
Y62E10A.4a	2	1	0	12	0	0	0.932197030640423	13.548946309665	26.7620037972108	-1.71593016100441	36.1447652161152	10.3070983233041	0	Y62E10A.4
Y69A2AR.31	1	5	0	8	1	1	0.546595989905976	57.6915327965777	84.7269238634039	-0.712993109847959	1634.82771039124	996.941878131615	0	Y69A2AR.31
Y71A12B.15	1	3	0	10	0	0	-0.0114126257678353	3.60317792462841	3.56690754005399	-0.109374266871318	259.725229729597	240.689689469092	0	Y71A12B.15
Y71F9B.13a	2	11	0	2	0	0	-0.0100464205567423	385.539447838614	382.857073548274	0.868061106615778	210.020255802031	384.155918928888	0	Y71F9B.13
Y71F9B.15	2	11	0	2	0	0	1.13851279128012	2.82446481933051	7.41971072767973	1.28165980724586	82.2456945798165	201.385701993558	0	Y71F9B.15
Y71H2AL.1	2	7	0	6	1	1	0.124053551491231	573.943515552675	625.569167707003	0.375672430774426	445.057012821131	577.734059183237	0	Y71H2AL.1
Y75B12B.4	2	3	0	10	0	0	-0.00827698515107489	138.121820444089	137.325940292079	-0.58670486779112	319.195025321887	212.205702549673	0	Y75B12B.4
Y76A2B.3	2	7	0	6	0	0	0.0176093534718849	3067.96376791804	3105.65269733033	0.967253990953056	565.342691961977	1106.26549244702	0	Y76A2B.3
ZC123.4c	2	10	0	3	1	1	-0.327081663297697	106.843834478588	84.9674271907889	1.11861415046373	419.694572221869	912.488999192499	0	ZC123.4
ZC317.6	1	7	1	1	0	0	-0.889995884613046	11.3216025067949	5.64892963866101	-0.570584809784219	44.1084021827907	29.3734623499345	0	ZC317.6
ZC317.6	2	5	0	8	0	0	-0.446320994254972	10.4893695993778	7.43218630380736	0.165729880722078	59.3501809052924	66.6968157904954	0	ZC317.6
ZC334.14	2	5	1	6	0	0	NA	NA	NA	1.22504354070603	25.9076847380284	61.9000777696326	0	ZC334.14
ZC334.14	1	2	0	11	0	0	NA	NA	NA	-1.1046471973142	27.0597875734482	12.0482550720384	0	ZC334.14
ZC416.1	2	5	0	8	1	-1	0.248135504481723	69.9291306625184	83.2404866026424	-0.82601290397373	1435.1952837098	809.137686300483	0	ZC416.1
ZK218.17	1	12	0	1	0	0	NA	NA	NA	-2.78247205101555	106.929459837068	14.6867311749672	1	ZK218.17
ZK662.3b	2	7	1	3	0	0	-0.124321770934566	724.163767021542	664.290794400714	0.823429650163431	189.539484229231	336.180157597237	0	ZK662.3
ZK662.3b	1	3	0	10	0	0	-0.0928483991892524	772.281135178689	724.08223063096	-0.376217589884463	260.938899027399	200.812107781905	0	ZK662.3
