ID	up_or_down	duration	completeness	stgen	wilcox_sig	overall_mRNA_fc	wilcox_dir	mRNA_fold_change	mRNA_before	mRNA_after	22G_fold_change	22G_before	22G_after	MAplot_significant	ID
B0285.7	2	1	1	1	0	-0.12988918548184	0	-1.51015474161523	480.539128621738	168.055656750165	0.413416241521622	716.488473170637	954.576845131268	0	B0285.7
B0285.7	1	1	1	2	0	-0.12988918548184	0	1.43333853033946	168.055656750165	455.570238679535	-0.269280307596905	954.576845131268	791.873983931778	0	B0285.7
B0285.7	2	1	1	3	0	-0.12988918548184	0	-0.718191251210799	455.570238679535	276.530353948204	0.112400099564253	791.873983931778	856.116724461824	0	B0285.7
B0285.7	1	4	1	4	0	-0.12988918548184	0	-0.141079202746512	276.530353948204	250.675776812897	-0.236936407971168	856.116724461824	726.302371179707	0	B0285.7
B0285.7	2	1	1	8	0	-0.12988918548184	0	0.424752186611703	166.448559035123	223.773218120059	0.345490931079754	765.682870606287	973.134430766453	0	B0285.7
B0285.7	1	1	1	9	0	-0.12988918548184	0	-0.437334394670382	223.773218120059	164.994535944523	-0.621477234232954	973.134430766453	632.19227037756	0	B0285.7
B0285.7	2	3	0	10	0	-0.12988918548184	0	-0.344717611985506	164.994535944523	129.714405286623	0.537988427289521	632.19227037756	918.361384974665	0	B0285.7
B0348.5a	1	9	0	4	1	-0.386350683030406	-1	1.99057843931064	6.1794492502392	27.5308656615321	-0.659770761681445	636.364837968949	402.438472836169	0	B0348.5
B0454.9	2	6	1	4	0	-0.0526893047508228	0	-0.245556369500457	642.662722024876	541.923355653315	1.00321839634548	196.8610649832	395.605901141158	0	B0454.9
B0454.9	1	3	0	10	0	-0.0526893047508228	0	0.12668317588011	465.254862618341	508.048087372606	-0.832828641154462	378.264627151116	211.929550378769	0	B0454.9
C03E10.3	2	2	0	11	0	-0.194106929487712	0	0.310257231357332	22.8201268559799	28.5352603204319	0.30731873790918	147.376296527765	182.601694562807	0	C03E10.3
C04A2.1.1	2	1	1	3	0	0.10335722560546	0	-0.13043387669247	399.180437149169	364.587505764113	1.22992585540403	16.9930039470339	41.203478717414	0	C04A2.1
C04A2.1.1	1	7	1	4	0	0.10335722560546	0	0.0192302861151159	364.587505764113	369.493197036351	-0.320494727458983	41.203478717414	32.7963441360545	0	C04A2.1
C04A2.1.1	2	1	1	11	0	0.10335722560546	0	0.0428188034399088	309.873301518043	319.238224834832	1.51203122821084	24.3597184343413	71.3287869385963	0	C04A2.1
C04A2.1.1	1	1	0	12	0	0.10335722560546	0	-0.0743261207956074	319.238224834832	303.157673678754	-1.51866465624033	71.3287869385963	24.2433835768782	0	C04A2.1
C04F12.5	2	1	1	9	0	0.0537418093068815	0	-0.455140743663989	416.078327441985	303.23320119534	0.523701851134655	25.2762189809468	36.7757276396919	0	C04F12.5
C04F12.5	1	3	0	10	0	0.0537418093068815	0	0.313714716829686	303.23320119534	377.132622777774	-0.209597577236522	36.7757276396919	31.6676339646436	0	C04F12.5
C05C10.4.3	1	12	0	1	0	-0.0111542777722953	0	-0.320021803717607	2195.13293048412	1758.22935003324	-0.53634551351742	177.775335448353	122.268330472061	0	C05C10.4
C16H3.3a	1	10	0	3	1	-0.429329464928125	-1	0.0532217215666435	455.570238679535	472.727867643298	-0.241095903264926	378.943988018855	320.471501135442	0	C16H3.3
C18D4.6c	2	12	0	1	1	-0.948461353524851	-1	-0.656298096833449	91.8307758884473	57.9015287962754	0.352382776292545	812.110055116342	1037.07114038953	0	C18D4.6
C27D8.3b	2	5	0	8	1	-0.687962955798097	-1	0.273994122668807	345.38075999788	417.826555708548	0.423405413038793	1879.11337827959	2520.40012124299	0	C27D8.3
C28A5.4	1	3	1	5	0	0.133521041124061	0	-0.0166327075212944	305.737508135961	302.221464711312	-0.493616575552866	148.950062951248	105.500894842133	0	C28A5.4
C28A5.4	2	1	1	8	0	0.133521041124061	0	0.161757136200291	185.86755758922	208.039163720992	0.123279291680411	129.208984414811	140.824648608132	0	C28A5.4
C28A5.4	1	1	1	9	0	0.133521041124061	0	-0.332637505112317	208.039163720992	164.994535944523	-0.569536582924678	140.824648608132	94.5661567877791	0	C28A5.4
C28A5.4	2	2	1	10	0	0.133521041124061	0	-0.574124955415282	164.994535944523	110.497456355271	1.14752837016276	94.5661567877791	210.711564457052	0	C28A5.4
C28A5.4	1	1	0	12	0	0.133521041124061	0	0.360121244121808	146.243209142213	187.991630046602	-0.749520791323074	156.923331264912	92.9329703780329	0	C28A5.4
C34C12.9	1	3	1	1	0	0.0147799384140654	0	-0.0907265614032466	84.2830408839174	79.0850149412542	-0.354981493885781	367.671716495458	287.256920988576	0	C34C12.9
C34C12.9	2	8	1	4	0	0.0147799384140654	0	0.317882283912045	60.2496301898322	75.3476323368246	0.315919600021379	290.713433172865	362.126299835602	0	C34C12.9
C34C12.9	1	1	0	12	0	0.0147799384140654	0	-0.392274332644009	107.00722620162	81.2936778579899	-0.435748374499292	396.588055378596	292.940884887278	0	C34C12.9
C47B2.8	2	1	0	12	0	0.0319729333971779	0	0.249936445730215	310.320955984697	369.208786938371	0.861237510682384	537.819053517016	977.816470934086	1	C47B2.8
C48E7.11	1	2	1	3	0	-0.0407690141508574	0	0.0842080020674381	645.514833308137	684.374004463991	-4.29956003638988	18.6923043417373	0	0	C48E7.11
C48E7.11	2	1	1	5	0	-0.0407690141508574	0	-0.30667965760688	821.578991057299	664.055420168433	0.497986306178623	8.88234320351477	12.9562502437707	0	C48E7.11
C48E7.11	1	2	1	6	0	-0.0407690141508574	0	0.337220702330086	664.055420168433	839.178151802077	-1.27039334554297	12.9562502437707	4.78551794128929	0	C48E7.11
C48E7.11	2	3	1	8	0	-0.0407690141508574	0	0.011909366934983	839.178151802077	846.142481016473	1.41648674246866	4.78551794128929	14.4435537033982	0	C48E7.11
C48E7.11	1	2	0	11	0	-0.0407690141508574	0	0.0872476725317917	713.429229076425	757.967852261472	-2.44134116443798	12.1798592171706	1.42657573877193	0	C48E7.11
D2096.1a	2	1	1	8	0	-0.121700587219371	0	-0.286970100500678	245.511624576806	201.046250654741	0.413425424975294	2480.49346623495	3303.96290965234	0	D2096.1
D2096.1a	1	1	1	9	0	-0.121700587219371	0	0.410551915971177	201.046250654741	267.558706937065	-0.489660141330345	3303.96290965234	2352.77095637743	0	D2096.1
D2096.1a	2	3	0	10	0	-0.121700587219371	0	-0.236202347390141	267.558706937065	227.00020925159	0.397087715904791	2352.77095637743	3098.55618484821	0	D2096.1
EEED8.8	2	2	1	6	1	0.204517634048505	1	0.238993979767796	578.102526534941	682.439092044003	0.983540396327423	52.7504474210665	105.281394708364	0	EEED8.8
EEED8.8	1	5	0	8	1	0.204517634048505	1	-0.308949961668004	682.439092044003	550.691903967333	-1.4495156987935	105.281394708364	37.9143284714203	0	EEED8.8
F08G12.4	2	5	1	5	0	-0.147421960297159	0	-0.0492443983522453	289.798585910864	280.040072805895	1.27578852382572	62.8596595941045	153.624110033281	0	F08G12.4
F08G12.4	1	3	0	10	0	-0.147421960297159	0	0.358081900498214	176.886034030615	227.00020925159	-0.580393386386867	124.336983924673	82.8230426767603	0	F08G12.4
F11A6.2	2	1	1	3	0	-1.25550094470202	0	0.251051074835613	102.39200804198	122.044122692224	0.501685750531289	426.52439907055	604.317687855405	0	F11A6.2
F11A6.2	1	9	0	4	0	-1.25550094470202	0	-0.185135591526046	122.044122692224	107.22547678702	-0.345074030073524	604.317687855405	475.546989972791	0	F11A6.2
F15E6.12	2	3	1	6	0	NA	0	NA	NA	NA	0.869589945135819	53.6758938670501	98.9007041199787	0	F15E6.12
F15E6.12	1	4	0	9	0	NA	0	NA	NA	NA	-0.453341998580425	93.8830990720883	68.2977799022849	0	F15E6.12
F17A9.4	1	12	0	1	1	0.164868296482728	1	-0.362160183225686	835.282673834644	649.626908446017	-1.25837286361781	121.210455987514	50.0858221210851	0	F17A9.4
F19B2.6	2	4	1	5	0	0.0378805688922919	0	-0.160698846356462	65.2046818299443	58.2261537517207	0.340304518632236	620.397509907031	785.704032640095	0	F19B2.6
F19B2.6	1	4	0	9	0	0.0378805688922919	0	0.531508792465582	54.1950762634518	78.781174820358	-0.219643106401493	841.337003222945	722.38036435109	0	F19B2.6
F28F8.6.1	2	1	1	1	0	-0.0735699400374195	0	0.224422648915544	1851.71098777801	2163.54005160717	1.30038173928355	5.38713137722283	14.7311241532603	0	F28F8.6
F28F8.6.1	1	1	1	2	0	-0.0735699400374195	0	-0.160936416548598	2163.54005160717	1935.06055777887	-1.01259343237208	14.7311241532603	6.79720157881355	0	F28F8.6
F28F8.6.1	2	9	1	3	0	-0.0735699400374195	0	0.261860610530904	1935.06055777887	2320.38319346482	0.918169072611391	6.79720157881355	13.7344929058047	0	F28F8.6
F28F8.6.1	1	1	0	12	0	-0.0735699400374195	0	0.049313631173753	2366.64315282582	2448.97204547195	-1.55472676697306	25.6783632978947	8.08112785895939	0	F28F8.6
F29C12.1a	1	5	1	3	0	-0.759546098330214	0	-1.78507968498909	23.7430743285751	6.1794492502392	-1.50175428998299	319.468474204237	112.165025397405	0	F29C12.1
F29C12.1a	2	3	1	8	0	-0.759546098330214	0	0.585322535726776	12.4836419276342	19.2305109321926	0.426535548983843	177.064163827704	238.31863610607	0	F29C12.1
F29C12.1a	1	2	0	11	0	-0.759546098330214	0	-1.26416632460333	22.8201268559799	8.91726885013497	-0.753145894886143	238.725240656544	141.230998138421	0	F29C12.1
F31B9.3	1	10	0	3	0	-0.0549661349930215	0	0.504466740008898	273.045354778614	387.76044045251	-1.16376587131411	78.1678181563558	34.3362322645117	0	F31B9.3
F31C3.11	2	11	1	1	0	NA	0	NA	NA	NA	2.74758415638672	10.7742627544457	78.0749580122796	0	F31C3.11
F31C3.11	1	1	0	12	0	NA	0	NA	NA	NA	-0.702162399702494	49.9301508570174	30.3042294710977	0	F31C3.11
F31C3.9	2	4	1	1	0	NA	0	NA	NA	NA	1.05051943311231	1617.48619601116	3351.33074486672	1	F31C3.9
F31C3.9	1	1	1	5	0	NA	0	NA	NA	NA	-0.481576265321051	3724.43483095069	2667.1366573248	0	F31C3.9
F31C3.9	2	6	1	6	0	NA	0	NA	NA	NA	0.278383562483254	2667.1366573248	3235.01012831156	0	F31C3.9
F31C3.9	1	1	0	12	0	NA	0	NA	NA	NA	-0.362552326442341	3351.02641037526	2606.1637345144	0	F31C3.9
F35F11.2	1	2	1	1	0	0.0284567572169703	0	0.154048318879332	11.3216025067949	12.7100916869873	-0.26102253712547	272.050134549753	226.859311960209	0	F35F11.2
F35F11.2	2	3	1	3	0	0.0284567572169703	0	0.385394611579733	16.3233636008954	21.6280723758372	0.56966209846065	180.125841838559	267.822611663191	0	F35F11.2
F35F11.2	1	2	1	6	0	0.0284567572169703	0	-1.0413138282912	12.4770329467973	5.54828530117076	-0.45366943747787	288.73929114689	210.562789416729	0	F35F11.2
F35F11.2	2	1	1	8	0	0.0284567572169703	0	-0.0684884260511738	5.54828530117076	5.24468479968888	0.282775250230774	210.562789416729	256.373078235318	0	F35F11.2
F35F11.2	1	4	0	9	0	0.0284567572169703	0	0.667511173958913	5.24468479968888	8.91862356456883	-0.978809442930903	256.373078235318	129.590659301771	0	F35F11.2
F40D4.17	2	1	1	11	0	-0.45074294312165	0	-0.0215766499147962	121.306990129156	119.491402591809	1.07072050131702	104.746789267667	221.119239509649	0	F40D4.17
F40D4.17	1	1	0	12	0	-0.45074294312165	0	0.485257880375512	119.491402591809	167.668210582104	-1.24163082517162	221.119239509649	92.9329703780329	0	F40D4.17
F40E3.5.2	2	1	1	2	0	0.604626063756884	0	0.989142356493004	21.1834861449788	43.0343222205424	1.98085637927227	4.41933724597809	20.3916047364406	0	F40E3.5
F40E3.5.2	1	2	1	3	0	0.604626063756884	0	0.61474244174607	43.0343222205424	66.4290794400713	-1.07466573471738	20.3916047364406	9.15632860386978	0	F40E3.5
F40E3.5.2	2	1	1	5	0	0.604626063756884	0	-0.414032489744846	39.1228090979666	29.1130768758603	0.825401918235488	13.6651433900227	24.9870540415578	0	F40E3.5
F40E3.5.2	1	7	0	6	0	0.604626063756884	0	-1.01791628052421	29.1130768758603	13.8707132529269	-4.69972119039319	24.9870540415578	0	0	F40E3.5
F42G8.4b.1	2	1	0	12	0	-0.086127348025701	0	-0.106290630838286	242.549712723671	225.25123239818	0.169834809042101	166.909361436315	187.886222720806	0	F42G8.4
F47A4.5	2	1	1	2	0	0.0343209204880619	0	0.834326429164271	957.493573753042	1708.01740951187	0.541145108957015	94.279194580866	137.643331970974	0	F47A4.5
F47A4.5	1	3	1	3	0	0.0343209204880619	0	-0.864382734653447	1708.01740951187	937.731423723798	-0.414674066025993	137.643331970974	103.008696793535	0	F47A4.5
F47A4.5	2	2	1	6	0	0.0343209204880619	0	-0.218880930555327	1177.00010798121	1011.17499613837	1.06116695916305	80.5138408005752	169.088300592222	0	F47A4.5
F47A4.5	1	1	1	8	0	0.0343209204880619	0	0.419906099054627	1011.17499613837	1353.12867831973	-0.45861983366253	169.088300592222	122.770206478885	0	F47A4.5
F47A4.5	2	1	1	9	0	0.0343209204880619	0	-0.140118032682135	1353.12867831973	1227.79717738898	0.435345737103898	122.770206478885	166.366386941463	0	F47A4.5
F47A4.5	1	3	0	10	0	0.0343209204880619	0	0.0385934465057201	1227.79717738898	1261.11227361994	-1.01870780751256	166.366386941463	81.6050567550432	0	F47A4.5
F49E11.2	2	5	1	4	0	-0.0870012725201539	0	-0.51191167372151	29.3523839386362	20.2859010137605	0.181750913892862	151.079421963851	171.497549544785	0	F49E11.2
F49E11.2	1	1	1	9	0	-0.0870012725201539	0	-0.470318161303683	20.9787391987555	14.8643726076147	-1.19955547170093	288.871074067964	125.212596487522	0	F49E11.2
F49E11.2	2	3	0	10	0	-0.0870012725201539	0	1.22297339982397	14.8643726076147	36.0317792462841	0.932837340602661	125.212596487522	239.943226578261	0	F49E11.2
F49E8.6	2	2	1	6	0	0.0886676127733192	0	-0.253143804251172	205.177875125111	171.996844336294	0.22284378099631	20.3598218116397	23.9275897064465	0	F49E8.6
F49E8.6	1	2	1	8	0	0.0886676127733192	0	-0.14373230302642	171.996844336294	155.592315724104	-0.531230842096676	23.9275897064465	16.248997916323	0	F49E8.6
F49E8.6	2	1	1	10	0	0.0886676127733192	0	0.116287480806941	169.453847726808	183.762074156049	2.27924529935385	14.0098010055969	71.8611693813067	0	F49E8.6
F49E8.6	1	2	0	11	0	0.0886676127733192	0	-0.057346407044256	183.762074156049	176.561923232672	-2.39639151497673	71.8611693813067	12.8391816489473	0	F49E8.6
F52D2.12	1	3	1	1	0	0.187865083168022	0	-0.203261938963941	827.734938830114	718.826296519614	-0.898523712863133	1011.43391607359	542.105368839979	1	F52D2.12
F52D2.12	2	1	1	4	0	0.187865083168022	0	0.261562748317006	693.64317833935	831.721941564179	0.473243174447756	711.904548950875	988.673124268144	0	F52D2.12
F52D2.12	1	8	0	5	0	0.187865083168022	0	-0.0338814144407014	831.721941564179	812.393478535912	-0.451413467300529	988.673124268144	722.773674313209	0	F52D2.12
F53G12.7a	1	1	1	2	0	0.39998126311046	0	-0.409216787302501	14.1223240966525	10.3875950187516	-0.659876660501407	430.148825275201	271.888063152542	0	F53G12.7
F53G12.7a	2	3	1	3	0	0.39998126311046	0	1.74144518730561	10.3875950187516	37.0766955014352	0.886825408766768	271.888063152542	503.598073212838	0	F53G12.7
F53G12.7a	1	7	0	6	0	0.39998126311046	0	0.000682011010046057	8.31802196453152	8.32242795175614	-0.721722690240028	463.648669437795	280.750385888972	0	F53G12.7
F53H10.2a	2	3	1	3	0	-0.0507221397165303	0	-0.15452312439951	1862.34739264761	1673.08588450226	0.374527478267821	1271.07669523813	1648.13914869656	0	F53H10.2
F53H10.2a	1	7	0	6	0	-0.0507221397165303	0	-0.179685238838612	1555.4701073674	1373.20061203976	-0.50232770034374	1410.38038367904	995.387731788173	0	F53H10.2
F54D10.3	2	2	1	4	0	0.0640938730517089	0	0.21923804228966	63.3393548149518	73.8986394072703	1.62881862527713	1927.40717111459	5962.78531823641	1	F54D10.3
F54D10.3	1	7	0	6	0	0.0640938730517089	0	-0.0929195050140112	65.1578387221636	61.0311383128784	-1.96045487499971	6645.63092860839	1706.83473239318	0	F54D10.3
F56D12.4a	1	2	1	1	1	0.417901921545456	1	-0.598554034868169	188.693375113248	124.276452050542	-0.799643444690528	682.818902062994	391.847902476724	0	F56D12.4
F56D12.4a	2	1	1	3	1	0.417901921545456	1	-0.0340098489479477	167.685462445562	163.755405131339	0.318367528735196	436.72020143877	544.801551930252	0	F56D12.4
F56D12.4a	1	1	1	4	1	0.417901921545456	1	0.211872029473197	163.755405131339	189.818073771616	-1.05128135131803	544.801551930252	262.370753088436	0	F56D12.4
F56D12.4a	2	6	1	5	1	0.417901921545456	1	-0.119260502853317	189.818073771616	174.678461255162	0.867084723226961	262.370753088436	479.381259019516	0	F56D12.4
F56D12.4a	1	2	0	11	1	0.417901921545456	1	0.049229018306332	158.53982868365	164.077746842483	-0.603192748960277	691.816003535292	455.077660668245	0	F56D12.4
F57A10.2	1	1	1	9	0	-0.211246744219554	0	-0.835371725339137	8.7411413328148	4.45931178228441	-1.24516564183226	337.618067816933	141.849235181669	0	F57A10.2
F57A10.2	2	1	1	10	0	-0.211246744219554	0	-0.682285649912652	4.45931178228441	2.40211861641894	1.11948847777367	141.849235181669	309.368424116134	0	F57A10.2
F57A10.2	1	2	0	11	0	-0.211246744219554	0	0.424784139634299	2.40211861641894	3.56690754005399	-1.12574586646914	309.368424116134	141.230998138421	0	F57A10.2
F57F5.1	2	1	1	8	1	0.108286409091946	1	-0.205949614578417	38456.5524937398	33340.4612716222	2.20421358722606	22.33241705935	106.521208562562	0	F57F5.1
F57F5.1	1	1	1	9	1	0.108286409091946	1	-0.154917168442608	33340.4612716222	29945.7650553006	-0.265679673586634	106.521208562562	88.4368688478305	0	F57F5.1
F57F5.1	2	2	1	10	1	0.108286409091946	1	0.32820043880632	29945.7650553006	37595.5584655728	0.833150323212668	88.4368688478305	158.338169823218	0	F57F5.1
F57F5.1	1	1	0	12	1	0.108286409091946	1	0.00462787977178714	33313.1329703342	33420.1696910774	-0.963673469803216	111.27290762421	56.5678950127157	0	F57F5.1
F59E12.15	1	1	1	1	0	-0.0687938700660951	0	0.192045559552403	135.859230081538	155.345565063178	-0.577062126953126	44.4438338620884	29.4622483065206	0	F59E12.15
F59E12.15	2	6	1	2	0	-0.0687938700660951	0	0.00431538234436957	155.345565063178	155.813925281274	0.817316884975903	29.4622483065206	52.678312235805	0	F59E12.15
F59E12.15	1	1	1	8	0	-0.0687938700660951	0	0.481823744545071	151.190774456903	211.535620254118	-0.67072051883237	49.4503520599893	30.6925516197212	0	F59E12.15
F59E12.15	2	4	0	9	0	-0.0687938700660951	0	-0.221031275583829	211.535620254118	181.3453458129	0.441179006540759	30.6925516197212	42.0294030167907	0	F59E12.15
K03H6.5b	1	1	1	3	0	-0.120835820461235	0	-1.40918615499295	38.5824957839346	13.9037608130382	-0.376192787467446	781.678181563558	602.028605704438	0	K03H6.5
K03H6.5b	2	5	1	4	0	-0.120835820461235	0	0.782319145513819	13.9037608130382	24.6328798024234	0.804503054070111	602.028605704438	1052.21604103175	0	K03H6.5
K03H6.5b	1	1	1	9	0	-0.120835820461235	0	0.373061134776665	22.7269674653185	29.7287452152294	-0.501803684894108	974.939874979378	688.231474399948	0	K03H6.5
K03H6.5b	2	3	0	10	0	-0.120835820461235	0	0.0687053018172703	29.7287452152294	31.2275420134462	0.808133358926773	688.231474399948	1205.80606249989	0	K03H6.5
K05C4.11	1	1	1	1	1	0.429542061627648	1	-1.19167503187587	75.4773500452992	32.4813454223008	-2.31900920852189	84.8473191912596	16.2042365685863	0	K05C4.11
K05C4.11	2	2	1	2	1	0.429542061627648	1	0.777436882527939	32.4813454223008	56.389801530366	1.77246854380147	16.2042365685863	57.7762134199152	0	K05C4.11
K05C4.11	1	9	0	4	1	0.429542061627648	1	0.44015744445556	64.8842171275116	88.3885687028135	-0.240745484789993	66.3833823780559	56.0270878990931	0	K05C4.11
K08A2.4	2	1	0	12	0	-0.136067352048894	0	-0.145565052667997	592.106651648962	535.183379231767	0.915556427773003	109.846331885438	208.089042368204	0	K08A2.4
K08B4.6	2	1	1	11	1	0.357481258421245	1	0.00248499379651967	2369.69001509728	2373.77696790593	0.191536458592582	248.469128030281	283.888572015613	0	K08B4.6
K08B4.6	1	1	0	12	1	0.357481258421245	1	-0.0821369086293657	2373.77696790593	2242.35061424956	-0.920625968126265	283.888572015613	149.500865390749	0	K08B4.6
K10B4.6a	2	1	1	10	1	0.387943876870766	1	-0.318544905919399	163.508098683762	130.915464594832	0.708506564663761	358.125538205571	585.851228345907	0	K10B4.6
K10B4.6a	1	2	0	11	1	0.387943876870766	1	0.259798806287572	130.915464594832	156.943931762375	-0.958410528234161	585.851228345907	301.007480880876	0	K10B4.6
M01D7.5	1	4	1	6	0	0.144295441447986	0	0.279361191170604	90.1119046157582	109.578634698122	-0.248112932087837	233.212504387873	196.206235592861	0	M01D7.5
M01D7.5	2	2	1	10	0	0.144295441447986	0	0.421974990234814	49.0524296051286	66.0582619515208	0.874666339301593	154.983423624416	285.008705681793	0	M01D7.5
M01D7.5	1	1	0	12	0	0.144295441447986	0	-0.26825951851439	69.5546970310528	57.5830218160762	-0.896819700456407	245.371027068771	131.31832770809	0	M01D7.5
R05G6.5	2	5	0	8	0	-0.173799925852848	0	-0.387023038924384	27.7414265058538	20.9787391987555	0.586851981061582	408.364197656686	613.851032394423	0	R05G6.5
R07E5.4	2	2	1	6	0	0.0571350086641012	0	-0.144176595287671	680.691464097496	615.859668429954	1.10655532330528	275.783040903119	594.999397366969	0	R07E5.4
R07E5.4	1	3	1	8	0	0.0571350086641012	0	-0.493823497874898	615.859668429954	437.05706664074	-0.697546305749707	594.999397366969	366.505175223729	0	R07E5.4
R07E5.4	2	1	1	11	0	0.0571350086641012	0	0.518272131286087	380.735800702402	545.73685362826	0.637922374344187	439.69291773986	684.756354610525	0	R07E5.4
R07E5.4	1	1	0	12	0	0.0571350086641012	0	-0.371175127844364	545.73685362826	421.710953888323	-1.24213915531931	684.756354610525	288.900320957798	0	R07E5.4
R07H5.9	1	1	1	1	0	0.303939299462596	0	-0.107960078904666	21.3852491795014	19.7712537353135	-1.50584641851734	223.565952154748	78.0749580122796	0	R07H5.9
R07H5.9	2	1	1	2	0	0.303939299462596	0	-0.69040394309493	19.7712537353135	11.8715371642876	1.54288269954599	78.0749580122796	229.405553284957	0	R07H5.9
R07H5.9	1	10	0	3	0	0.303939299462596	0	0.0536167006407098	11.8715371642876	12.3588985004784	-1.42687505203464	229.405553284957	84.6960395857954	0	R07H5.9
R11G10.3	2	5	0	8	0	-0.095785576390865	0	1.21977598224919	6.93535662646345	17.4822826656296	1.27457965801735	106.876567355461	259.983966661168	0	R11G10.3
T07F10.6	2	5	0	8	0	0.082894862714527	0	-0.435237791344738	26.3543551805611	19.2305109321926	0.73851669224093	177.064163827704	296.092850919663	0	T07F10.6
T12B5.1	2	1	1	4	0	-0.100675885683975	0	-0.555804161189118	111.230086504306	75.3476323368246	1.80175527891876	4.57816430193489	18.4479435765307	0	T12B5.1
T12B5.1	1	8	0	5	0	-0.100675885683975	0	0.420776583917558	75.3476323368246	101.202600568467	-4.2815457077446	18.4479435765307	0	1	T12B5.1
T26C11.5	2	1	1	5	0	-0.0045371379341681	0	-0.133546176715436	397.024062697883	361.833955457121	1.32092103982447	125.719319188209	315.577238080415	1	T26C11.5
T26C11.5	1	7	0	6	0	-0.0045371379341681	0	-0.12591154327092	361.833955457121	331.510046744953	-1.66399077778991	315.577238080415	98.9007041199787	0	T26C11.5
T26C11.9	1	4	1	1	0	0.20784624471706	0	-0.00290051071156849	22.6432050135897	22.5957185546441	-1.43708190131831	29.6292225747256	10.3117869072822	0	T26C11.9
T26C11.9	2	1	1	5	0	0.20784624471706	0	0.363658755425559	15.9389222250975	20.7950549113288	1.51825658351183	17.7646864070295	52.7504474210665	0	T26C11.9
T26C11.9	1	3	1	6	0	0.20784624471706	0	-0.551526992583565	20.7950549113288	13.8707132529269	-1.5350987629975	52.7504474210665	17.5468991180607	0	T26C11.9
T26C11.9	2	1	1	9	0	0.20784624471706	0	-0.22336575645523	22.7269674653185	19.3236843898991	1.33713949228922	10.8326652775486	28.8952145740436	0	T26C11.9
T26C11.9	1	3	0	10	0	0.20784624471706	0	0.553380652783185	19.3236843898991	28.8254233970273	-0.727771634039082	28.8952145740436	17.0518029040389	0	T26C11.9
VF11C1L.1	2	1	1	5	0	-0.0989962658647467	0	0.146558205636479	1901.07872357527	2104.45955702648	0.914778170655048	198.827836324831	375.731257069351	0	VF11C1L.1
VF11C1L.1	1	7	0	6	0	-0.0989962658647467	0	-0.290914520031809	2104.45955702648	1719.96844336294	-0.13128604911843	375.731257069351	342.962119125732	0	VF11C1L.1
W02D7.5	2	2	1	9	0	-0.0607522788377732	0	-0.262501526137052	347.897425046029	289.855265848487	2.71406334670222	9.02722106462387	64.7953296508857	0	W02D7.5
W02D7.5	1	2	0	11	0	-0.0607522788377732	0	0.0192879563858011	302.666945668786	306.754048444643	-1.84633820079568	120.580606249989	32.8112419917543	0	W02D7.5
W03F11.5	2	4	1	8	1	-0.532411654398829	-1	-0.892856039718103	23.5802125299757	12.2375978659407	1.07817708794816	374.865572067661	792.590009473976	0	W03F11.5
W03F11.5	1	1	0	12	1	-0.532411654398829	-1	0.83891057438611	7.13381508010798	13.548946309665	-0.23226287567674	600.588386022981	511.131337079181	0	W03F11.5
W06H8.6	1	1	1	1	0	0.225325578197349	0	-1.11974255943792	1293.17859744279	594.549844469072	-1.11488304645962	849.819974756902	391.847902476724	1	W06H8.6
W06H8.6	2	1	1	2	0	0.225325578197349	0	1.17738663028198	594.549844469072	1345.9355260011	0.657239017613238	391.847902476724	618.545343672033	0	W06H8.6
W06H8.6	1	3	1	3	0	0.225325578197349	0	-0.502026533547131	1345.9355260011	950.090322224276	-0.158831595256505	618.545343672033	553.957880534121	0	W06H8.6
W06H8.6	2	2	1	6	0	0.225325578197349	0	-0.612517448448612	971.8222328561	635.278666984052	0.484440029402279	551.566081806239	772.063561194672	0	W06H8.6
W06H8.6	1	5	0	8	0	0.225325578197349	0	0.0181813234161652	635.278666984052	643.34800209517	-0.694671616181113	772.063561194672	476.63727221214	0	W06H8.6
W09B6.5	2	1	1	11	1	0.793627277777456	1	1.72977403194122	3.60317792462841	14.267630160216	1.17808665959536	15.8338169823218	37.0909692080701	0	W09B6.5
W09B6.5	1	1	0	12	1	0.793627277777456	1	-1.79909173507736	14.267630160216	3.38723657741625	-1.33089572452889	37.0909692080701	14.1419737531789	0	W09B6.5
W09H1.2	1	9	1	1	0	-0.043375190743034	0	-0.930617234778033	6.2897791704416	2.82446481933051	-0.897630927773839	99.6619304786224	53.0320469517371	0	W09H1.2
W09H1.2	2	2	1	10	0	-0.043375190743034	0	0.212446979148709	2.97287452152294	3.60317792462841	0.698283412903923	49.909916082439	81.6050567550432	0	W09H1.2
W09H1.2	1	1	0	12	0	-0.043375190743034	0	-1.23729325608319	5.35036131008098	1.69361828870812	-0.42896634748562	65.6224839835086	48.4867671537563	0	W09H1.2
W10D5.1	2	3	0	10	0	-0.0835762184405269	0	-0.548903494484594	325.529760106762	222.195972018752	1.59533520062174	235.539779406598	713.739750126199	0	W10D5.1
Y102A5C.6	1	12	0	1	0	NA	0	NA	NA	NA	-0.640271839642688	517.164612213392	331.450293448357	0	Y102A5C.6
Y110A7A.20	2	1	1	9	0	-0.430705226218444	0	0.531681389640351	1.74822826656296	2.97287452152294	2.09595700660775	7.2217768516991	34.1488899511425	0	Y110A7A.20
Y110A7A.20	1	2	1	10	0	-0.430705226218444	0	-0.223749786253426	2.97287452152294	2.40211861641894	-2.91694910438095	34.1488899511425	3.65395776515119	0	Y110A7A.20
Y110A7A.20	2	1	0	12	0	-0.430705226218444	0	-0.0625645211466264	5.35036131008098	5.08085486612437	1.16778667987249	22.8252118203508	52.527331083236	0	Y110A7A.20
Y119D3B.8	2	1	1	4	1	0.488968182453248	1	0.000667302491407895	46.345869376794	46.3677737457382	1.33145038080222	189.993818530298	479.646532989797	1	Y119D3B.8
Y119D3B.8	1	5	1	5	1	0.488968182453248	1	-0.107174824922279	46.3677737457382	42.9764468167462	-1.48860155029588	479.646532989797	170.282146060987	1	Y119D3B.8
Y119D3B.8	2	1	1	10	1	0.488968182453248	1	-0.447733076548243	44.5931178228441	32.4286013216557	0.903793538848439	170.744449755712	320.330297411588	0	Y119D3B.8
Y119D3B.8	1	2	0	11	1	0.488968182453248	1	0.447518725667606	32.4286013216557	44.5863442506748	-0.961099596721493	320.330297411588	164.056209958772	0	Y119D3B.8
Y22F5A.3b	2	1	1	8	1	-0.404784032148604	-1	-0.109017726685506	262.156480480318	243.003729052252	1.11834664048121	110.066912649654	240.124080318995	0	Y22F5A.3
Y22F5A.3b	1	4	0	9	1	-0.404784032148604	-1	0.0978457923173242	243.003729052252	260.126520633258	-0.511748824453979	240.124080318995	168.117612067163	0	Y22F5A.3
Y23H5A.8b	1	2	0	11	0	NA	0	NA	NA	NA	-0.743150628333638	34.1036058080778	19.972060342807	0	Y23H5A.8
Y24F12A.3	1	3	1	1	0	NA	0	NA	NA	NA	-0.872589337477883	1387.18632963488	757.17978147758	1	Y24F12A.3
Y24F12A.3	2	2	1	4	0	NA	0	NA	NA	NA	0.310951595280867	904.18744963214	1121.90827232087	0	Y24F12A.3
Y24F12A.3	1	2	1	6	0	NA	0	NA	NA	NA	-0.533345114910986	1071.66698444903	740.160108252744	0	Y24F12A.3
Y24F12A.3	2	1	1	8	0	NA	0	NA	NA	NA	0.60770276208642	740.160108252744	1128.40263307798	0	Y24F12A.3
Y24F12A.3	1	4	0	9	0	NA	0	NA	NA	NA	-0.514170505061552	1128.40263307798	789.802531690525	0	Y24F12A.3
Y37E11AL.1	2	1	1	11	0	0.196039766161828	0	-1.21592771992049	9.60847446567576	3.56690754005399	0.193440123197004	518.862002651469	593.455507329121	0	Y37E11AL.1
Y37E11AL.1	1	1	0	12	0	0.196039766161828	0	2.10375607341788	3.56690754005399	18.6298011757894	-0.442678598800347	593.455507329121	436.380904383807	0	Y37E11AL.1
Y37E3.13a	2	1	1	8	1	-0.420792098187894	-1	0.162389562578329	99.8691354210737	111.886609060029	1.74032154983993	43.0696614716036	146.240981246907	0	Y37E3.13
Y37E3.13a	1	1	1	9	1	-0.420792098187894	-1	0.255725150840639	111.886609060029	133.779353468532	-0.347724995859266	146.240981246907	114.705245733325	0	Y37E3.13
Y37E3.13a	2	2	1	10	1	-0.420792098187894	-1	-0.565402055605575	133.779353468532	90.0794481157102	0.768442272720743	114.705245733325	196.095733396447	0	Y37E3.13
Y37E3.13a	1	1	0	12	1	-0.420792098187894	-1	0.0622553252260198	89.1726885013497	93.1490058789468	-0.615137803122654	158.349907003684	103.034380201732	0	Y37E3.13
Y38F2AR.10	2	4	1	5	0	-0.148951479270165	0	0.708917700235634	7.24496464777159	12.4770329467973	0.826843455324209	196.778064816327	349.818756581809	0	Y38F2AR.10
Y38F2AR.10	1	4	0	9	0	-0.148951479270165	0	1.99018322835294	0	2.97287452152294	-0.838292070783361	335.812623604008	187.381088449859	0	Y38F2AR.10
Y39B6A.25	2	1	1	1	0	0.580522941422339	0	-0.319900648443619	3.77386750226496	2.82446481933051	2.36929531848646	4.04034853291712	25.0429110605425	0	Y39B6A.25
Y39B6A.25	1	3	1	2	0	0.580522941422339	0	0.511481756667177	2.82446481933051	4.45182643660784	-1.01406745086275	25.0429110605425	11.8951027629237	0	Y39B6A.25
Y39B6A.25	2	1	1	5	0	0.580522941422339	0	0.801299777573944	4.34697878866296	8.31802196453152	0.542508434524037	13.6651433900227	20.3598218116397	0	Y39B6A.25
Y39B6A.25	1	2	1	6	0	0.580522941422339	0	0.000682011010046057	8.31802196453152	8.32242795175614	-4.41682770668174	20.3598218116397	0	0	Y39B6A.25
Y39B6A.25	2	1	1	8	0	0.580522941422339	0	-1.0519172198393	8.32242795175614	3.49645653312592	4.81155647962143	0	27.0816631938716	0	Y39B6A.25
Y39B6A.25	1	4	0	9	0	0.580522941422339	0	-0.178605294002898	3.49645653312592	2.97287452152294	-2.95284429763405	27.0816631938716	2.62683768854942	0	Y39B6A.25
Y39G10AR.17	2	3	1	8	0	-0.219280457783711	0	-0.432961339985069	231.640911323879	171.32637012317	1.74558236869704	55.8310426483751	189.571642357101	0	Y39G10AR.17
Y39G10AR.17	1	2	0	11	0	-0.219280457783711	0	-0.138416334776137	269.037285038921	244.333166493698	-1.64776677871602	323.984255176739	102.713453191579	0	Y39G10AR.17
Y47H10A.1	1	10	0	3	1	1.20238698444579	1	-0.387699115528525	32.6467272017908	24.7177970009568	-1.74998343780776	402.734193544703	119.032271850307	1	Y47H10A.1
Y48B6A.10	1	11	0	2	0	-0.118903395427253	0	-0.476250332864168	285.270946752381	204.784016083961	-0.508411651964802	89.8598573348879	62.8741146040253	0	Y48B6A.10
Y48E1B.11	2	1	1	4	0	0.143348344983421	0	0.0693196820626634	38.621557813995	40.5718020275209	0.965290939140919	949.969092651489	1855.72647236509	1	Y48E1B.11
Y48E1B.11	1	5	1	5	0	0.143348344983421	0	-0.465215159906538	40.5718020275209	29.1130768758603	-0.628159965389228	1855.72647236509	1200.30404044076	0	Y48E1B.11
Y48E1B.11	2	1	1	10	0	0.143348344983421	0	-0.0702349013308741	25.269433432945	24.0211861641894	0.542046607328075	1285.39924226352	1872.04436167913	0	Y48E1B.11
Y48E1B.11	1	2	0	11	0	0.143348344983421	0	-0.159558372623435	24.0211861641894	21.4014452403239	-0.534129977457658	1872.04436167913	1292.47761932737	0	Y48E1B.11
Y48G8AL.6	2	1	1	1	1	0.607632777528881	1	-0.0284375018439871	4043.07005075986	3964.13637393037	0.294158481300512	432.317293022132	530.320469517371	0	Y48G8AL.6
Y48G8AL.6	1	1	1	2	1	0.607632777528881	1	0.1620524820396	3964.13637393037	4435.50307300694	-0.219243972525767	530.320469517371	455.412505780508	0	Y48G8AL.6
Y48G8AL.6	2	1	1	3	1	0.607632777528881	1	0.083856485653758	4435.50307300694	4701.01601711947	0.0914650026667445	455.412505780508	485.285416005098	0	Y48G8AL.6
Y48G8AL.6	1	5	1	4	1	0.607632777528881	1	-0.157363375782271	4701.01601711947	4215.12043207351	-0.0818465966392843	485.285416005098	458.465560735262	0	Y48G8AL.6
Y48G8AL.6	2	1	1	9	1	0.607632777528881	1	0.131300288068918	4713.22340665374	5162.39660662459	0.180585401544148	433.306611101946	491.218647758741	0	Y48G8AL.6
Y48G8AL.6	1	1	1	10	1	0.607632777528881	1	-0.0755030670395271	5162.39660662459	4899.12091818643	-0.551069411113621	491.218647758741	334.946128472192	0	Y48G8AL.6
Y48G8AL.6	2	2	0	11	1	0.607632777528881	1	0.0712080371450075	4899.12091818643	5147.0475802979	0.574567898145917	334.946128472192	499.301508570174	0	Y48G8AL.6
Y48G9A.7	2	1	1	9	0	-0.382136718385909	0	-0.22152975260518	19.2305109321926	16.3508098683762	1.88494908105361	14.4435537033982	56.0392040223876	0	Y48G9A.7
Y48G9A.7	1	3	0	10	0	-0.382136718385909	0	-0.415316275607103	16.3508098683762	12.0105930820947	-2.58202632039788	56.0392040223876	8.52590145201944	0	Y48G9A.7
Y50D7A.7	2	6	1	3	1	0.484348808740442	1	0.84975315530245	3932.44668567026	7087.82829002436	0.460363668360639	3879.50280110783	5338.13957605608	0	Y50D7A.7
Y50D7A.7	1	4	0	9	1	0.484348808740442	1	0.27304197668084	2664.29987824195	3219.62310680935	-0.846018514135661	6867.90978596584	3820.29761171371	0	Y50D7A.7
Y53F4B.45	2	1	1	4	0	NA	0	NA	NA	NA	0.913611118610294	167.102997020623	315.664812309525	0	Y53F4B.45
Y53F4B.45	1	8	0	5	0	NA	0	NA	NA	NA	-0.902256546747689	315.664812309525	168.431253169019	0	Y53F4B.45
Y55F3AM.10	2	1	1	10	0	0.0583666791866033	0	0.4461080170982	53.511741387413	73.2646178007777	0.565411897567298	1050.73507541977	1555.36802203269	0	Y55F3AM.10
Y55F3AM.10	1	2	0	11	0	0.0583666791866033	0	0.191769040077945	73.2646178007777	83.8223271912687	-0.247959628240626	1555.36802203269	1309.59652819263	0	Y55F3AM.10
Y62E10A.4a	2	1	0	12	0	0.181847946578936	0	-0.502989126025538	19.6179914702969	13.548946309665	1.43293179747319	12.8391816489473	36.3650753653172	0	Y62E10A.4
Y66D12A.3	2	3	1	2	0	0.049792913480978	0	0.832541771922275	7.06116204832627	13.3554793098235	0.314436636796366	223.913087129557	278.685264731355	0	Y66D12A.3
Y66D12A.3	1	1	1	5	0	0.049792913480978	0	-0.215741859745724	13.0409363659889	11.0906959527087	-0.788536045568867	409.954301700682	236.914290171807	0	Y66D12A.3
Y66D12A.3	2	3	1	6	0	0.049792913480978	0	0.157312930686124	11.0906959527087	12.4836419276342	0.243975657399209	236.914290171807	280.750385888972	0	Y66D12A.3
Y66D12A.3	1	1	1	9	0	0.049792913480978	0	-0.202591112431877	6.99291306625184	5.94574904304589	-0.866145270473033	296.092850919663	161.988324127214	0	Y66D12A.3
Y66D12A.3	2	1	1	10	0	0.049792913480978	0	0.905484537426025	5.94574904304589	12.0105930820947	1.09484089672478	161.988324127214	347.125987689363	0	Y66D12A.3
Y66D12A.3	1	1	1	11	0	0.049792913480978	0	0.0515806766795235	12.0105930820947	12.484176390189	-1.11455312099047	347.125987689363	159.776482742456	0	Y66D12A.3
Y66D12A.3	2	1	0	12	0	0.049792913480978	0	-2.3236500780363	12.484176390189	1.69361828870812	1.02989541799078	159.776482742456	327.285678287855	0	Y66D12A.3
Y67D8A.3	1	3	1	1	1	-0.243911237077358	-1	-0.130155426171017	276.75028349943	252.78960133008	-1.6975139986314	136.025067274877	41.2471476291289	0	Y67D8A.3
Y67D8A.3	2	2	1	4	1	-0.243911237077358	-1	0.471713512317019	234.819071509089	326.023409149722	0.674891685918192	119.032271850307	190.628750290817	0	Y67D8A.3
Y67D8A.3	1	2	1	6	1	-0.243911237077358	-1	-0.0119092366968108	316.084834652198	313.478119516148	-1.08748844507069	194.343753656561	90.9248408844965	0	Y67D8A.3
Y67D8A.3	2	4	1	8	1	-0.243911237077358	-1	-0.345530035039144	313.478119516148	246.500185585377	1.41269357504313	90.9248408844965	243.734968744845	0	Y67D8A.3
Y67D8A.3	1	1	0	12	1	-0.243911237077358	-1	0.108157385654863	303.187140904589	326.868329720668	-0.839666708727356	152.643604048596	84.8518425190735	0	Y67D8A.3
Y69A2AR.31	1	8	0	5	1	0.394579854510424	1	-0.38655902942959	92.7355474914764	70.703186698518	-0.3332216662413	2670.16901841044	2119.2723613025	0	Y69A2AR.31
Y71H2AL.1	2	4	1	8	0	0.0373792180184989	0	-0.0195761479847238	625.569167707003	617.124578096725	0.558792199702694	580.642843543101	855.780556926343	0	Y71H2AL.1
Y71H2AL.1	1	1	0	12	0	0.0373792180184989	0	0.206346762798018	513.634685767774	592.766401047843	-0.681012346759866	881.623806561051	549.516694409238	0	Y71H2AL.1
Y73F8A.31	1	3	1	2	0	NA	0	NA	NA	NA	-0.310832207515195	111.956543564778	90.0629209192795	0	Y73F8A.31
Y73F8A.31	2	1	1	5	0	NA	0	NA	NA	NA	0.605253781033658	69.0089741196147	105.500894842133	0	Y73F8A.31
Y73F8A.31	1	2	1	6	0	NA	0	NA	NA	NA	-0.28946974338907	105.500894842133	86.1393229432072	0	Y73F8A.31
Y73F8A.31	2	1	1	8	0	NA	0	NA	NA	NA	0.588082713038496	86.1393229432072	129.991983330584	0	Y73F8A.31
Y73F8A.31	1	2	1	9	0	NA	0	NA	NA	NA	-1.54853185169075	129.991983330584	43.7806281424903	0	Y73F8A.31
Y73F8A.31	2	1	1	11	0	NA	0	NA	NA	NA	0.773278905371602	59.6813101641361	102.713453191579	0	Y73F8A.31
Y73F8A.31	1	1	0	12	0	NA	0	NA	NA	NA	-0.751402691468813	102.713453191579	60.6084589421954	0	Y73F8A.31
Y75B12B.4	2	3	0	10	0	0.071753593772895	0	0.0779274281503097	130.806478947009	138.121820444089	2.12000073531531	71.8002301536841	315.458353724719	0	Y75B12B.4
Y76A2B.3	2	1	1	10	0	-0.111475384956625	0	-0.0927484330775243	2213.30508127383	2075.43048458596	1.0071354725801	903.632164861	1817.23499520186	0	Y76A2B.3
Y76A2B.3	1	2	0	11	0	-0.111475384956625	0	0.20125081899214	2075.43048458596	2386.26114429612	-0.264964321727698	1817.23499520186	1512.17028309824	0	Y76A2B.3
Y94H6A.4	2	2	1	3	0	0.0426678943309291	0	0.222197728760629	35.6146114928627	41.7112824391146	0.440757116528188	635.538347619067	862.983970914726	0	Y94H6A.4
Y94H6A.4	1	3	1	5	0	0.0426678943309291	0	-0.174323046859457	37.6738161684123	33.2720878581261	-0.345617814082514	1064.51467008277	837.529033615178	0	Y94H6A.4
Y94H6A.4	2	1	1	8	0	0.0426678943309291	0	0.25544742398492	29.1284978311465	34.9645653312592	0.207137798483915	792.800805606926	915.360215952861	0	Y94H6A.4
Y94H6A.4	1	1	1	9	0	0.0426678943309291	0	0.0855202206060364	34.9645653312592	37.1609315190368	-0.140926235272477	915.360215952861	830.080709581617	0	Y94H6A.4
Y94H6A.4	2	1	1	10	0	0.0426678943309291	0	-0.298596232306841	37.1609315190368	30.0264827052367	0.326817994483717	830.080709581617	1041.37796306809	0	Y94H6A.4
Y94H6A.4	1	2	0	11	0	0.0426678943309291	0	0.0135248224277156	30.0264827052367	30.3187140904589	-0.52243236925608	1041.37796306809	724.700475296139	0	Y94H6A.4
ZC123.4c	2	3	1	8	0	0.181882992878168	0	-0.181634728926123	101.256206746366	89.159641594711	1.14633907430168	384.43660795024	852.169668500494	0	ZC123.4
ZC123.4c	1	2	0	11	0	0.181882992878168	0	-0.444401380179197	82.8730922664534	60.6374281809178	-0.956266758972211	795.344806881242	409.427237027543	0	ZC123.4
ZC416.1	2	1	1	8	1	-0.616893280018412	-1	-0.728382365091619	116.513991324586	69.9291306625184	0.884348222624904	780.039424430154	1440.74448191397	0	ZC416.1
ZC416.1	1	1	1	9	1	-0.616893280018412	-1	0.248135504481723	69.9291306625184	83.2404866026424	-0.834826362791532	1440.74448191397	807.314782947522	0	ZC416.1
ZC416.1	2	3	0	10	1	-0.616893280018412	-1	0.494780593245432	83.2404866026424	117.703812204528	0.804166088419025	807.314782947522	1410.42769734836	0	ZC416.1
ZK1010.5	2	2	1	8	0	-0.909638603021289	0	-1.02433737393513	15.2577845782196	6.99291306625184	1.95507613067232	12.7613811767714	52.3578821748185	0	ZK1010.5
ZK1010.5	1	3	0	10	0	-0.909638603021289	0	-0.438639314718757	13.3779353468532	9.60847446567576	-1.27012298032505	54.287978896688	21.9237465909071	0	ZK1010.5
ZK662.3b	2	6	1	3	0	0.0652819046496163	0	-0.124321770934566	724.163767021542	664.290794400714	0.818866359520154	190.321644206779	336.495076192214	0	ZK662.3
ZK662.3b	1	4	0	9	0	0.0652819046496163	0	0.262793711325273	671.319654360177	805.648995332718	-0.394581866553814	362.89428679788	275.817957297689	0	ZK662.3
