ID	up_or_down	duration	completeness	stgen	wilcox_sig	overall_mRNA_fc	wilcox_dir	mRNA_fold_change	mRNA_before	mRNA_after	22G_fold_change	22G_before	22G_after	MAplot_significant	ID
B0285.7	2	1	1	10	0	-0.12988918548184	0	-0.728462094099479	167.258305170655	100.551786756941	0.486330966173879	704.003038180822	986.623004267535	0	B0285.7
B0285.7	1	1	1	11	0	-0.12988918548184	0	-0.526645034245282	100.551786756941	69.493912747117	-0.344394928909312	986.623004267535	776.889650199887	0	B0285.7
B0285.7	2	1	0	12	0	-0.12988918548184	0	0.107756425665746	69.493912747117	74.9608005292774	0.145564242776405	776.889650199887	859.472899106907	0	B0285.7
B0348.5a	1	1	1	5	1	-0.386350683030406	-1	0.0987443048763841	11.0645852655234	11.9192527500596	-0.508290069572743	569.775940260739	400.287009286846	0	B0348.5
B0348.5a	2	7	0	6	1	-0.386350683030406	-1	-0.732144958713989	11.9192527500596	6.77749608259652	0.0919193476972975	400.287009286846	426.686539054076	0	B0348.5
B0454.9	2	1	1	4	0	-0.0526893047508228	0	1.2485111129903	196.872957115113	469.138415258194	1.18295996118887	191.753848027601	436.632421574381	0	B0454.9
B0454.9	1	8	0	5	0	-0.0526893047508228	0	-0.0364743567941925	469.138415258194	457.401324283536	-1.74093245176088	436.632421574381	129.929225965238	0	B0454.9
B0507.1	2	5	1	6	1	0.68275767331263	1	0.441292538192299	52.1467307815106	71.1637088672634	2.44927823843435	2.62483284778259	18.7967638349813	0	B0507.1
B0507.1	1	2	0	11	1	0.68275767331263	1	-1.22056248692949	95.2595874539443	40.3064693933278	-3.18281887197409	20.3927983165534	1.35582835986019	0	B0507.1
C03E10.3	2	2	1	10	0	-0.194106929487712	0	-0.837556798798541	32.3112634988765	17.640664343323	1.27843584100065	87.8835133984027	214.609925140871	0	C03E10.3
C03E10.3	1	1	0	12	0	-0.194106929487712	0	0.0245372959501919	37.5267128834432	38.1875776281225	-0.751844492044984	207.441739058609	122.781842729558	0	C03E10.3
C04A2.1.1	2	2	1	6	0	0.10335722560546	0	0.432034928838668	262.22356050131	354.124170315668	0.905113950847977	23.6234956300433	45.1122332039552	0	C04A2.1
C04A2.1.1	1	5	0	8	0	0.10335722560546	0	-0.0350507821797041	354.124170315668	345.600268867955	-0.99975607871034	45.1122332039552	22.0600151065038	0	C04A2.1
C04F12.5	2	3	1	3	0	0.0537418093068815	0	0.172016747703747	434.069068966805	489.162868905648	2.42016807066345	18.3143888092775	102.377054455414	1	C04F12.5
C04F12.5	1	7	0	6	0	0.0537418093068815	0	0.260966005279528	357.577582501787	428.67662722423	-2.69520273537414	41.9973255645215	5.63902915049439	0	C04F12.5
C05E11.1	2	5	1	6	1	-0.756704066274942	-1	-0.54742390343471	522.957214408863	357.512918356966	0.907559922991112	1120.80362600317	2103.35787313441	0	C05E11.1
C05E11.1	1	2	0	11	1	-0.756704066274942	-1	0.416565176613254	370.453951209783	494.796658759473	-1.46146497766096	3007.45220887456	1091.44182968745	0	C05E11.1
C06A1.3	1	11	0	2	1	0.814579176666296	1	1.19193889172309	12.9094690269201	30.7775134475241	-1.35622304584745	313.026509882129	121.659868518772	0	C06A1.3
C09F5.1	2	3	1	5	0	-0.000369124343718497	0	-0.217187274598869	447.009244727147	384.395901189421	1.41198598374929	147.828465600295	395.03734359128	0	C09F5.1
C09F5.1	1	5	0	8	0	-0.000369124343718497	0	-0.0336060966007867	293.126705572299	286.354508490591	-0.768980005770144	421.047509903581	246.671078009088	0	C09F5.1
C16H3.3a	2	3	1	1	1	-0.429329464928125	-1	-0.300261268209697	440.785944895237	357.776713031785	0.61369077658499	298.525194485309	457.324096144866	0	C16H3.3
C16H3.3a	1	9	0	4	1	-0.429329464928125	-1	1.1002851768689	223.444767277889	480.203000523717	-0.49197698258023	453.384098302548	322.089835645676	0	C16H3.3
C18D4.6c	2	1	1	5	1	-0.948461353524851	-1	0.751875202715945	77.452096858664	131.111780250655	0.356779675748184	792.008136891646	1014.49789566797	0	C18D4.6
C18D4.6c	1	7	0	6	1	-0.948461353524851	-1	-0.00706060605115866	131.111780250655	130.466799589983	-1.05771857662657	1014.49789566797	486.836183326016	0	C18D4.6
C27D8.3b	2	1	1	3	1	-0.687962955798097	-1	-0.331575463838082	386.310858444785	306.783626424777	0.423156902564129	1874.60851169247	2513.92544829406	0	C27D8.3
C27D8.3b	1	1	1	4	1	-0.687962955798097	-1	0.709594327555861	306.783626424777	502.332171054764	-0.567018335838249	2513.92544829406	1696.60086679014	0	C27D8.3
C27D8.3b	2	8	0	5	1	-0.687962955798097	-1	-0.0573095848160978	502.332171054764	482.729736377412	0.392362445121087	1696.60086679014	2227.17067134353	0	C27D8.3
C28A5.4	1	12	0	1	0	0.133521041124061	0	-0.935886158393593	431.340531790339	224.993603040607	-0.967013471092344	154.676266572699	78.63836711673	0	C28A5.4
C28C12.1c	2	1	1	4	0	-0.0434783766872231	0	0.822561061752733	12.0780955285345	22.1291705310469	1.17772638066582	68.2513696369427	155.660437287728	0	C28C12.1
C28C12.1c	1	4	1	5	0	-0.0434783766872231	0	-0.292940416610914	22.1291705310469	17.8788791250893	-1.15075787696816	155.660437287728	69.5580704662387	0	C28C12.1
C28C12.1c	2	4	0	9	0	-0.0434783766872231	0	-0.050870593763094	11.8491520754727	11.4039753525446	0.63215906481227	58.158221644419	90.6883063792028	0	C28C12.1
C34C12.9	1	4	1	6	0	0.0147799384140654	0	-0.0364198038921657	83.4347692504169	81.3299529911582	-0.424604551007004	366.164182265672	272.553075607229	0	C34C12.9
C34C12.9	2	1	1	10	0	0.0147799384140654	0	-0.21698902478834	76.0265023502976	65.2704580702951	1.02548156401272	164.547854873605	335.99562940607	0	C34C12.9
C34C12.9	1	2	0	11	0	0.0147799384140654	0	0.741525060456642	65.2704580702951	109.800382140445	-0.301075639360059	335.99562940607	272.521500331898	0	C34C12.9
C45E1.1a	2	2	1	3	1	-0.143804326523799	-1	-0.128580810914625	188.910254953768	172.716766058044	1.16305238979499	18.3143888092775	42.2508478704883	0	C45E1.1
C45E1.1a	1	8	0	5	1	-0.143804326523799	-1	0.417116458029102	161.542944876642	216.03645609483	-1.01603995443298	38.1808619762351	18.3738299344782	0	C45E1.1
C47B2.8	2	11	0	2	0	0.0319729333971779	0	0.464510043678327	295.073577758173	407.536729787905	2.23458585902321	192.39678168365	909.178587317703	1	C47B2.8
C48E7.11	1	1	1	5	0	-0.0407690141508574	0	-0.287918280642621	951.554332835015	779.221148535144	-1.49724005167891	16.6429398357948	5.24966569556519	0	C48E7.11
C48E7.11	2	5	1	6	0	-0.0407690141508574	0	0.0496185210057494	779.221148535144	806.522033828985	1.35959034025454	5.24966569556519	15.0374110679851	0	C48E7.11
C48E7.11	1	1	1	11	0	-0.0407690141508574	0	0.202758551364589	926.134878024458	1066.03662154077	-1.18410426679216	13.5951988777023	5.42331343944075	0	C48E7.11
C48E7.11	2	1	0	12	0	-0.0407690141508574	0	-0.11691387411631	1066.03662154077	982.976535242412	1.15197103954236	5.42331343944075	13.2737127275198	0	C48E7.11
C53B7.4	2	1	1	2	0	-0.250743279294097	0	-0.0774369782649362	2637.22010121367	2499.34635065238	0.473770601777254	65.6592191460075	91.5719440463874	0	C53B7.4
C53B7.4	1	1	1	3	0	-0.250743279294097	0	0.457084247432824	2499.34635065238	3431.38693965666	-0.170530740940013	91.5719440463874	81.2516305201699	0	C53B7.4
C53B7.4	2	6	1	4	0	-0.250743279294097	0	-0.555402002534064	3431.38693965666	2334.62749102544	0.66291831326561	81.2516305201699	129.227532842642	0	C53B7.4
C53B7.4	1	3	0	10	0	-0.250743279294097	0	-0.0766359407424062	2368.22554821177	2245.65657090502	-0.767510047400645	91.6232373728029	53.4097098766874	0	C53B7.4
C55C3.3	1	1	1	1	1	-2.21076033690274	-1	0.123800370541685	23.6135327622449	25.8189380538402	-0.488886236967192	977.554004739457	696.293114664638	0	C55C3.3
C55C3.3	2	1	1	2	1	-2.21076033690274	-1	0.145019674816062	25.8189380538402	28.654926313212	0.194037478659537	696.293114664638	796.67591320357	0	C55C3.3
C55C3.3	1	1	1	3	1	-2.21076033690274	-1	-0.545019781753594	28.654926313212	19.3249528456552	-0.233159226918682	796.67591320357	677.638598538217	0	C55C3.3
C55C3.3	2	1	1	4	1	-2.21076033690274	-1	0.653955770846155	19.3249528456552	30.9808387434656	0.295927564434187	677.638598538217	832.146991789739	0	C55C3.3
C55C3.3	1	4	1	5	1	-2.21076033690274	-1	0.561184868463167	30.9808387434656	46.1871044064808	-0.600215127030129	832.146991789739	548.590065186562	0	C55C3.3
C55C3.3	2	3	1	9	1	-2.21076033690274	-1	0.0783978310578659	19.7485867924546	20.9072881463319	0.273517612046959	675.838644626525	817.129688406426	0	C55C3.3
C55C3.3	1	1	0	12	1	-2.21076033690274	-1	3.02005162802954	1.38987825494234	18.3866114505775	-0.243367501100131	770.110508400586	650.411923648471	0	C55C3.3
D2096.1a	2	1	1	3	0	-0.121700587219371	0	-0.131429081273733	326.878418684049	298.328959554803	0.342994304659289	2349.47445010445	2980.30980747983	0	D2096.1
D2096.1a	1	1	1	4	0	-0.121700587219371	0	-0.731762368585882	298.328959554803	179.24628130148	-0.457948022168592	2980.30980747983	2169.4561574189	0	D2096.1
D2096.1a	2	8	0	5	0	-0.121700587219371	0	0.722878526747637	179.24628130148	296.491412157732	0.40434232998037	2169.4561574189	2871.56713547416	0	D2096.1
EEED8.8	2	3	1	6	1	0.204517634048505	1	0.535277952003298	427.603192408387	620.140891557581	0.834675826168969	45.9345748361954	82.7057608739178	0	EEED8.8
EEED8.8	1	4	0	9	1	0.204517634048505	1	-0.233135306282078	730.697711320819	621.516656713683	-3.01873394881231	196.534680039761	23.3732748400007	0	EEED8.8
F08B4.2c	2	1	1	4	0	0.146521217291355	0	1.04439098584128	33.8186674798967	70.81334569935	2.90051505970048	1.6250326104034	18.600932757653	0	F08B4.2
F08B4.2c	1	1	1	5	0	0.146521217291355	0	0.233585228682863	70.81334569935	83.4347692504169	-0.344569091631403	18.600932757653	14.4365806628043	0	F08B4.2
F08B4.2c	2	3	1	6	0	0.146521217291355	0	-0.612647137081297	83.4347692504169	54.2199686607721	1.09412219817151	14.4365806628043	31.9544985194682	0	F08B4.2
F08B4.2c	1	4	0	9	0	0.146521217291355	0	0.45752453070757	59.2457603773637	81.72849002657	-1.38003813899013	38.1036624566883	14.0239649040004	0	F08B4.2
F08G12.4	2	2	1	6	0	-0.147421960297159	0	0.611080465242989	207.097016532285	316.847941861387	0.897469979995502	85.3070675529343	159.772492597341	0	F08G12.4
F08G12.4	1	1	1	8	0	-0.147421960297159	0	0.317060708864338	316.847941861387	394.971735849091	-0.915601764048321	159.772492597341	84.229148588469	0	F08G12.4
F08G12.4	2	1	1	9	0	-0.147421960297159	0	-0.742446505555953	394.971735849091	235.682157285923	0.397383862900357	84.229148588469	111.256788238403	0	F08G12.4
F08G12.4	1	3	0	10	0	-0.147421960297159	0	0.276987238035281	235.682157285923	285.778762361833	-1.20827338159269	111.256788238403	47.5831960719579	0	F08G12.4
F11A6.2	2	1	1	4	0	-1.25550094470202	0	-0.104385498493288	83.3388591468883	77.452096858664	0.210796058962059	435.50873958811	504.183177378489	0	F11A6.2
F11A6.2	1	3	1	5	0	-1.25550094470202	0	-0.027230206056462	77.452096858664	75.9852362816297	-0.276634648563675	504.183177378489	416.036006373541	0	F11A6.2
F11A6.2	2	5	0	8	0	-1.25550094470202	0	0.172202679718245	54.2199686607721	61.2206190566091	0.470462188908845	407.889775219095	565.538569094006	0	F11A6.2
F19B2.6	1	4	0	9	0	0.0378805688922919	0	-0.122548911946996	41.4720322641546	38.0132511751488	-0.421305041631433	970.640664686166	724.571520040023	0	F19B2.6
F20D12.5	1	3	1	1	1	0.223677052444162	1	-0.389581196502413	125.938841398639	95.8989127714063	-1.70544261045705	343.381311791391	104.596663058175	0	F20D12.5
F20D12.5	2	1	1	4	1	0.223677052444162	1	-0.460019831104072	103.871621545397	75.2391798055593	1.06290548436339	131.627641442675	276.077001982008	0	F20D12.5
F20D12.5	1	1	1	5	1	0.223677052444162	1	0.381752615094085	75.2391798055593	98.3338351879914	-0.658393595649789	276.077001982008	174.551384377543	0	F20D12.5
F20D12.5	2	7	0	6	1	0.223677052444162	1	0.183776783800825	98.3338351879914	111.828685362843	0.589489671769799	174.551384377543	263.154693689738	0	F20D12.5
F28F8.6.1	2	1	1	4	0	-0.0735699400374195	0	-0.00600820107112732	2511.03606038233	2500.5962700083	2.03928288244792	1.6250326104034	9.78996460929105	0	F28F8.6
F28F8.6.1	1	8	0	5	0	-0.0735699400374195	0	-0.19115236550528	2500.5962700083	2190.16269282345	-1.57370375818599	9.78996460929105	2.62483284778259	0	F28F8.6
F29C12.1a	2	9	1	1	0	-0.759546098330214	0	-0.087813714228417	15.7423551748299	14.7536788879087	1.44555582676779	106.726623935162	292.412568987452	0	F29C12.1
F29C12.1a	1	3	0	10	0	-0.759546098330214	0	1.81351957054755	3.80132511751488	15.8765979089907	-1.28142083256447	331.90050272801	135.951988777023	0	F29C12.1
F31B9.3	1	1	1	5	0	-0.0549661349930215	0	0.0034969145206567	298.743802169133	299.471225345247	-0.999842190769404	58.7397876557463	28.8731613256085	0	F31B9.3
F31B9.3	2	3	1	6	0	-0.0549661349930215	0	0.177776577096612	299.471225345247	338.874804129826	1.9293325545492	28.8731613256085	112.780583009888	0	F31B9.3
F31B9.3	1	4	0	9	0	-0.0549661349930215	0	-0.345315911665708	432.494050754755	340.218598017582	-1.19475399313971	108.294619613746	46.7465496800015	0	F31B9.3
F31C3.9	1	11	0	2	0	NA	0	NA	NA	NA	-1.16179363799849	2790.51681370532	1246.6866096601	1	F31C3.9
F35F11.2	2	1	1	4	0	0.0284567572169703	0	-1.12857106959574	15.7015241870949	6.63875115931406	0.850343541261854	182.00365236518	328.942810872179	0	F35F11.2
F35F11.2	1	3	1	5	0	0.0284567572169703	0	1.30536441171853	6.63875115931406	17.8788791250893	-0.718705157766324	328.942810872179	199.487296431477	0	F35F11.2
F35F11.2	2	2	1	8	0	0.0284567572169703	0	-1.26126664764149	20.3324882477895	7.89943471698183	0.932714103299229	182.328609199319	348.949329866514	0	F35F11.2
F35F11.2	1	3	0	10	0	0.0284567572169703	0	0.141338717481762	9.50331279378721	10.5843986059938	-0.407123437631338	292.633400996809	220.436438945601	0	F35F11.2
F37D6.6	2	6	1	3	0	-0.149549938020906	0	0.0906192930975527	66.8614947308281	71.2607636183537	1.01084023591276	57.5595076863006	117.002347949045	0	F37D6.6
F37D6.6	1	4	0	9	0	-0.149549938020906	0	0.559492079983864	47.396608301891	70.3245146740253	-1.52643657791088	112.305531451292	38.3321707376012	0	F37D6.6
F39C12.1	2	3	1	6	1	-0.749466989528509	-1	-1.56503644731097	2704.18046766976	913.267597129881	0.588895153223115	1326.8530045541	1996.21631927502	0	F39C12.1
F39C12.1	1	4	0	9	1	-0.749466989528509	-1	1.61200931012441	1064.4488281133	3255.8349631515	-0.222136800870025	1429.8900700852	1225.69453260964	0	F39C12.1
F40E3.5.2	2	2	1	6	0	0.604626063756884	0	-0.327271047070965	34.2678516564213	27.1099843303861	0.654724057185363	9.18691496723908	15.0374110679851	0	F40E3.5
F40E3.5.2	1	5	0	8	0	0.604626063756884	0	-0.923146816359806	27.1099843303861	13.8240107547182	-0.540364340119353	15.0374110679851	10.0272795938654	0	F40E3.5
F44G3.6.2	2	4	1	6	0	-0.0270763407697814	0	0.188701374038736	621.291049596855	708.248340631336	1.17831869615821	70.87048689013	161.652168980839	0	F44G3.6
F44G3.6.2	1	3	0	10	0	-0.0270763407697814	0	0.21666590036406	617.715331596168	717.975038773247	-2.12905403446076	139.304718046404	31.0747402918909	0	F44G3.6
F47A4.5	2	2	1	2	0	0.0343209204880619	0	-0.13330134081062	1073.33013909536	978.512668917834	0.21182017524961	127.501041830038	147.823281103454	0	F47A4.5
F47A4.5	1	1	1	4	0	0.0343209204880619	0	2.56453786896591	225.860386383596	1341.02773418144	-0.348775645889837	151.128032767516	118.458571772422	0	F47A4.5
F47A4.5	2	5	1	5	0	0.0343209204880619	0	-0.337884104276107	1341.02773418144	1060.8134947553	0.544556935506246	118.458571772422	173.238967953651	0	F47A4.5
F47A4.5	1	3	0	10	0	0.0343209204880619	0	-0.243550373374706	1054.86772011038	890.853549337812	-1.40984196837972	192.595784681606	71.8603369249976	0	F47A4.5
F47B10.1	2	3	1	2	1	-0.409515006448933	-1	-0.520935523611637	4258.28056902264	2967.37681376818	0.587495161398317	238.205539227376	358.438752410145	0	F47B10.1
F47B10.1	1	4	1	5	1	-0.409515006448933	-1	0.191665153178464	3527.38978264887	4028.70742952013	-0.554257398870477	335.795786098683	228.360457757086	0	F47B10.1
F47B10.1	2	4	0	9	1	-0.409515006448933	-1	0.482149300844414	2545.59283754739	3556.13964743517	1.20436517233956	154.420105745526	357.143639555211	0	F47B10.1
F52D2.12	1	3	1	1	0	0.187865083168022	0	0.147650725824009	754.058812874352	835.427067027828	-0.521117676889366	878.045606577687	611.546913208745	0	F52D2.12
F52D2.12	2	1	1	4	0	0.187865083168022	0	2.93245682389938	130.443431708173	1002.45142505642	0.900202970783988	533.010696212314	995.6394007649	0	F52D2.12
F52D2.12	1	8	0	5	0	0.187865083168022	0	-0.4539831875102	1002.45142505642	731.544137534906	-0.749283282579366	995.6394007649	591.899807174975	0	F52D2.12
F53H10.2a	2	2	1	4	0	-0.0507221397165303	0	0.596190332458953	864.791639843072	1307.83397838487	0.160464067656397	1280.52569699788	1431.29282587835	0	F53H10.2
F53H10.2a	1	7	0	6	0	-0.0507221397165303	0	-0.0684826724252012	1337.93612119419	1275.86363754879	-0.417375266483331	1704.82893463479	1276.30026439523	0	F53H10.2
F54D10.3	2	1	1	4	0	0.0640938730517089	0	-0.673133658682196	67.6373349597934	42.045424008989	1.05686877164348	2211.66938275902	4602.26236282772	0	F54D10.3
F54D10.3	1	8	0	5	0	0.0640938730517089	0	0.838721923345309	42.045424008989	75.9852362816297	-1.18585108638915	4602.26236282772	2022.43370921649	0	F54D10.3
F55C9.1	2	3	1	6	0	-0.332679945127644	0	0.473958011101094	11.9192527500596	16.9437402064913	2.3741221058586	24.9359120539346	133.457023228367	0	F55C9.1
F55C9.1	1	4	0	9	0	-0.332679945127644	0	0.575544111867957	9.87429339622728	15.2053004700595	-2.84427309229627	274.747460871911	37.3972397440012	0	F55C9.1
F57A10.2	2	1	1	2	0	-0.211246744219554	0	-0.59966963461186	16.5978887488973	10.61293567156	0.884999166020209	170.255882204182	315.269121645419	0	F57A10.2
F57A10.2	1	10	0	3	0	-0.211246744219554	0	0.624978945568461	10.61293567156	16.9093337399483	-0.564356036874587	315.269121645419	212.879271962845	0	F57A10.2
F57F5.1	1	1	1	2	1	0.108286409091946	1	-0.0634028291875577	30211.845942715	28912.820650031	-0.666642916435949	139.716710508365	87.6474321586851	0	F57F5.1
F57F5.1	2	6	1	3	1	0.108286409091946	1	0.322796031180735	28912.820650031	36163.0258219852	0.508732244975961	87.6474321586851	125.127511001062	0	F57F5.1
F57F5.1	1	1	1	9	1	0.108286409091946	1	-0.306636874526768	39653.1874205695	32060.3760411205	-0.875228039325562	112.305531451292	60.7705145840019	0	F57F5.1
F57F5.1	2	2	1	10	1	0.108286409091946	1	0.312511200733718	32060.3760411205	39814.97942288	0.638614445410147	60.7705145840019	95.1663921439157	0	F57F5.1
F57F5.1	1	1	0	12	1	0.108286409091946	1	-0.119999643037149	42986.1546688567	39555.2586491	-0.404690130434394	105.754612069095	79.6422763651188	0	F57F5.1
K03H6.5b	1	1	1	1	0	-0.120835820461235	0	-1.15202846815319	29.9104748321768	12.9094690269201	-0.436537807186671	848.657115928874	626.816499056653	0	K03H6.5
K03H6.5b	2	1	1	2	0	-0.120835820461235	0	0.869314949025506	12.9094690269201	24.409752044588	0.441558396288038	626.816499056653	851.619079631403	0	K03H6.5
K03H6.5b	1	1	1	3	0	-0.120835820461235	0	-0.0854541391815005	24.409752044588	22.9483815042156	-0.561114980832317	851.619079631403	576.886576693206	0	K03H6.5
K03H6.5b	2	1	1	4	0	-0.120835820461235	0	0.313830342263937	22.9483815042156	28.7679216903609	0.576127886441048	576.886576693206	860.537889156683	0	K03H6.5
K03H6.5b	1	3	1	5	0	-0.120835820461235	0	0.0490843435769985	28.7679216903609	29.7981318751489	-0.669378696994931	860.537889156683	540.715566643214	0	K03H6.5
K03H6.5b	2	1	1	8	0	-0.120835820461235	0	-0.742718506790882	27.1099843303861	15.7988694339637	0.407140206272315	571.421620583432	758.062337296221	0	K03H6.5
K03H6.5b	1	1	1	9	0	-0.120835820461235	0	0.812836765621081	15.7988694339637	28.5099383813616	-0.45551980614437	758.062337296221	552.544217217617	0	K03H6.5
K03H6.5b	2	1	1	10	0	-0.120835820461235	0	-0.103816928837601	28.5099383813616	26.4609965149845	0.409321909518026	552.544217217617	734.140739395922	0	K03H6.5
K03H6.5b	1	2	0	11	0	-0.120835820461235	0	-0.157088586831881	26.4609965149845	23.6279303340198	-0.476342959427509	734.140739395922	527.417231985613	0	K03H6.5
K08A2.4	2	5	1	3	0	-0.136067352048894	0	0.0292119320142668	482.888573055981	492.786297564209	0.90700720693741	132.125233552645	248.62998939172	0	K08A2.4
K08A2.4	1	2	1	8	0	-0.136067352048894	0	0.441099372053888	471.035977740458	639.854212075528	-0.525230780907036	225.561166019776	156.425561664299	0	K08A2.4
K08A2.4	2	1	1	10	0	-0.136067352048894	0	0.0921813272286371	562.596117392203	599.782587672982	0.558546304418734	130.890339104004	193.246041190196	0	K08A2.4
K08A2.4	1	2	0	11	0	-0.136067352048894	0	-0.190754824426914	599.782587672982	525.373980368204	-0.320372944182383	193.246041190196	154.564433024061	0	K08A2.4
K08B4.6	2	2	1	6	1	0.357481258421245	1	0.136820555479911	1573.34136300786	1729.95587508276	0.845904318077212	152.24030517139	274.432751990727	0	K08B4.6
K08B4.6	1	2	1	8	1	0.357481258421245	1	0.560351854878522	1729.95587508276	2551.51741358513	-0.200775670984616	274.432751990727	238.649254333995	0	K08B4.6
K08B4.6	2	2	1	10	1	0.357481258421245	1	0.617456036554266	1891.15924596365	2901.88928447664	0.83639312834051	175.767026796805	314.631745455395	0	K08B4.6
K08B4.6	1	1	0	12	1	0.357481258421245	1	-0.257554098370377	2997.96739591062	2507.65093091338	-0.63076417859548	352.515373563649	227.312330458777	0	K08B4.6
K09E3.4	2	12	0	1	0	0.00424105286615228	0	0	0	0	0.418702335064609	791.942484852218	1058.94577855247	0	K09E3.4
M01D7.5	1	9	0	4	0	0.144295441447986	0	-0.685350274331125	100.248192886837	61.9616774869312	-1.04648273474789	235.629728508493	113.563589467776	0	M01D7.5
M142.6c	2	3	1	6	0	-0.635194055190203	0	-0.956725824096099	3338.88067661044	1719.78963095887	2.7587898201056	57.7463226512171	396.611716918106	0	M142.6
M142.6c	1	4	0	9	0	-0.635194055190203	0	0.495339808859688	2668.03407566061	3761.41120378098	-2.47607794225526	405.10209559216	71.9896865072023	0	M142.6
R05G6.5	2	7	0	6	0	-0.173799925852848	0	-0.572297890432182	35.7577582501787	23.7212362890878	0.301535446158702	396.349760015172	488.715859709514	0	R05G6.5
R07H5.9	2	1	1	2	0	0.303939299462596	0	1.07217608115831	5.53262958296575	12.735522805872	1.90706222495994	48.0991954209125	183.143888092775	1	R07H5.9
R07H5.9	1	10	0	3	0	0.303939299462596	0	0.282067945794964	12.735522805872	15.7015241870949	-0.766437804508689	183.143888092775	107.252152286624	0	R07H5.9
R11G10.3	1	2	1	2	0	-0.095785576390865	0	0.920742905434202	7.37683944395433	14.858109940184	-0.82592314968166	186.288947344487	104.653650338728	0	R11G10.3
R11G10.3	2	1	1	4	0	-0.095785576390865	0	-0.538300069301125	22.9483815042156	15.4904193717328	0.549758213908664	126.752543611465	186.00932757653	0	R11G10.3
R11G10.3	1	1	1	5	0	-0.095785576390865	0	-0.964684582160797	15.4904193717328	7.44953296878723	-0.573360192053023	186.00932757653	124.679560269673	0	R11G10.3
R11G10.3	2	3	1	6	0	-0.095785576390865	0	1.21671289322915	7.44953296878723	18.6381142271404	0.712086765100269	124.679560269673	204.884725801296	0	R11G10.3
R11G10.3	1	1	1	9	0	-0.095785576390865	0	-0.742210512022622	19.7485867924546	11.4039753525446	-0.732392625639471	264.720181278045	158.938268912005	0	R11G10.3
R11G10.3	2	3	0	10	0	-0.095785576390865	0	-0.336958834863118	11.4039753525446	8.82033217166151	0.755394645826331	158.938268912005	268.99072065168	0	R11G10.3
T06C12.7	2	1	1	3	0	-0.24130487934407	0	-0.0509162897327746	251.526575415972	242.769720123544	0.285218378419485	353.206069893208	430.6336417569	0	T06C12.7
T06C12.7	1	1	1	4	0	-0.24130487934407	0	-0.545940570125691	242.769720123544	165.968778982851	-0.312525553871888	430.6336417569	346.564747168903	0	T06C12.7
T06C12.7	2	4	1	5	0	-0.24130487934407	0	0.510747487514961	165.968778982851	236.895148407434	0.421795088544682	346.564747168903	464.595414057519	0	T06C12.7
T06C12.7	1	4	0	9	0	-0.24130487934407	0	-0.263936296040145	262.656204339646	218.576194257106	-0.73561307016208	455.238493561487	272.999850131209	0	T06C12.7
T07F10.6	1	1	1	2	0	0.082894862714527	0	0.371201412744129	20.2863084708744	26.5323391789	-0.356308742600001	196.214178145627	153.05596362039	0	T07F10.6
T07F10.6	2	2	1	3	0	0.082894862714527	0	0.481559816169814	26.5323391789	37.442096138457	0.495100135972768	153.05596362039	216.129337183652	0	T07F10.6
T07F10.6	1	5	1	5	0	0.082894862714527	0	-0.435954393076576	26.5550046372562	19.3687857188468	-1.07749112310545	197.757285107679	93.1815660962821	0	T07F10.6
T07F10.6	2	2	1	10	0	0.082894862714527	0	0.230185108728573	20.9072881463319	24.6969300806522	0.352158082543557	145.849235001605	186.448441751345	0	T07F10.6
T07F10.6	1	1	0	12	0	0.082894862714527	0	0.0956845034455354	26.4076868439044	28.28709453935	-0.267655984584723	197.950940539587	164.262195003058	0	T07F10.6
T13H2.5a	2	1	1	2	0	0.0201208270451172	0	-0.387360185923221	4256.43635916165	3253.9260769003	0.265873974116175	417.623172940304	502.337521625896	0	T13H2.5
T13H2.5a	1	3	1	3	0	0.0201208270451172	0	-4.29979697503627	3253.9260769003	164.26209918807	-0.340542409301008	502.337521625896	396.507956938429	0	T13H2.5
T13H2.5a	2	4	1	6	0	0.0201208270451172	0	-0.692474763311703	4110.65229217679	2543.25540499434	0.73931608854914	433.097419884128	723.675407646781	0	T13H2.5
T13H2.5a	1	3	0	10	0	0.0201208270451172	0	-0.959154711187386	6095.42482593511	3134.7460538085	-0.870894851903689	688.109211289621	375.810140405055	0	T13H2.5
T26C11.5	2	1	0	12	0	-0.0045371379341681	0	-0.342937409878633	498.9662935243	393.190614096965	1.80376073756668	69.1472463528695	243.904471368176	0	T26C11.5
T26C11.9	2	1	0	12	0	0.20784624471706	0	-0.399992812601345	20.8481738241351	15.5579019966425	2.27260053519518	8.13497015916112	43.1395663644394	0	T26C11.9
T26C12.4	2	1	1	3	0	-0.772736017596946	0	-0.765087513028139	21.22587134312	12.0780955285345	1.00950399111201	150.439622361922	303.881098145435	0	T26C12.4
T26C12.4	1	9	0	4	0	-0.772736017596946	0	0.126591152328204	12.0780955285345	13.2775023186281	-1.43696817793236	303.881098145435	111.605596545918	0	T26C12.4
VF11C1L.1	2	3	1	1	0	-0.0989962658647467	0	0.429939986215908	1667.11541301449	2246.24761068409	0.363834067905154	355.755413117207	458.087575437262	0	VF11C1L.1
VF11C1L.1	1	1	1	4	0	-0.0989962658647467	0	1.79727498568865	611.151633743847	2126.6132880336	-0.428247704277586	419.258413484076	311.320874575455	0	VF11C1L.1
VF11C1L.1	2	5	1	5	0	-0.0989962658647467	0	-0.0867606365491103	2126.6132880336	2002.43446201001	0.639689760978756	311.320874575455	485.59407683978	0	VF11C1L.1
VF11C1L.1	1	3	0	10	0	-0.0989962658647467	0	-0.354465118088555	2318.80832168408	1813.46029449361	-1.0763798830529	461.855910838414	218.494267677358	0	VF11C1L.1
W02G9.1	2	10	0	3	1	-0.629673964004045	-1	-0.76516463433062	177.236025715052	103.871621545397	1.70696513298787	511.494716030535	1672.1585561051	1	W02G9.1
W03D2.5c	2	8	0	5	1	-0.425289754003026	-1	0.174726235286558	130.562106133177	147.500752781987	0.881573954708533	24.4749115232276	45.9345748361954	0	W03D2.5
W03F11.5	2	10	0	3	1	-0.532411654398829	-1	-0.832382543158053	22.287164910276	12.0780955285345	0.47336780016791	419.922771984148	583.38670713482	0	W03F11.5
W06H8.6	1	1	1	4	0	0.225325578197349	0	1.89956373317129	158.223051423802	593.061770232056	-1.20317736535067	736.139772512739	319.152846262888	0	W06H8.6
W06H8.6	2	4	1	5	0	0.225325578197349	0	0.0704265589198929	593.061770232056	622.780956190612	1.26377920683411	319.152846262888	767.763607976409	0	W06H8.6
W06H8.6	1	4	0	9	0	0.225325578197349	0	0.821687289137495	270.555639056628	478.966964806875	-0.806039254397412	631.718614413517	360.883363529611	0	W06H8.6
W09B6.5	2	1	1	4	1	0.793627277777456	1	1.38374328950877	3.62342865856036	11.0645852655234	1.75337419473175	9.75019566242038	35.2438725934478	0	W09B6.5
W09B6.5	1	3	1	5	1	0.793627277777456	1	-0.793696559331737	11.0645852655234	5.95962637502978	-2.26088169174036	35.2438725934478	6.56208211945648	0	W09B6.5
W09B6.5	2	2	1	8	1	0.793627277777456	1	-0.936303150083735	8.47187010324565	3.94971735849091	0.909311032647049	11.2780583009888	22.0600151065038	0	W09B6.5
W09B6.5	1	3	0	10	1	0.793627277777456	1	-0.0910246654041167	5.70198767627232	5.2921993029969	-0.383194804813649	20.5684818592006	15.5373701459454	0	W09B6.5
W09H1.2	2	1	1	10	0	-0.043375190743034	0	-0.796640338816349	3.80132511751488	1.7640664343323	1.03105582629011	30.852722788801	64.0916518520249	0	W09H1.2
W09H1.2	1	2	0	11	0	-0.043375190743034	0	0.903270066287015	1.7640664343323	4.16963476482702	-0.691011866362564	64.0916518520249	39.3190224359454	0	W09H1.2
W10D5.1	2	1	1	4	0	-0.0835762184405269	0	0.354332449967985	228.276005489303	292.105051009819	0.525890104341912	331.506652522293	477.750272933403	0	W10D5.1
W10D5.1	1	3	1	5	0	-0.0835762184405269	0	0.242096597177738	292.105051009819	345.658329751727	-0.446096775794862	477.750272933403	350.415185178976	0	W10D5.1
W10D5.1	2	1	1	8	0	-0.0835762184405269	0	0.406208327809546	171.131776085562	227.108748113227	0.614257828131045	353.379160097649	541.473098068729	0	W10D5.1
W10D5.1	1	3	1	9	0	-0.0835762184405269	0	-0.0801949291173738	227.108748113227	214.774869139591	-0.809485271040385	541.473098068729	308.52722788801	0	W10D5.1
W10D5.1	2	1	0	12	0	-0.0835762184405269	0	0.547193981941471	180.684173142504	264.484333942922	0.295554015431984	398.613537798895	489.468156827293	0	W10D5.1
Y102A5C.3	2	1	1	3	0	NA	0	NA	NA	NA	0.908348958832686	354.514240522443	666.263370265393	0	Y102A5C.3
Y102A5C.3	1	1	1	4	0	NA	0	NA	NA	NA	-0.949124896013494	666.263370265393	344.606754247045	0	Y102A5C.3
Y102A5C.3	2	1	1	5	0	NA	0	NA	NA	NA	0.434006371536876	344.606754247045	465.90783048141	0	Y102A5C.3
Y102A5C.3	1	4	1	6	0	NA	0	NA	NA	NA	-0.55109581405733	465.90783048141	317.665308811184	0	Y102A5C.3
Y102A5C.3	2	2	1	10	0	NA	0	NA	NA	NA	0.54172719664156	327.22584776001	476.8030463537	0	Y102A5C.3
Y102A5C.3	1	1	0	12	0	NA	0	NA	NA	NA	-0.448566698417887	489.454037909528	358.390243643035	0	Y102A5C.3
Y102A5C.6	2	4	0	9	0	NA	0	NA	NA	NA	0.964347637082846	248.676533927861	486.164116672015	0	Y102A5C.6
Y110A7A.20	2	1	1	4	0	-0.430705226218444	0	-0.103957321194406	4.83123821141381	4.42583410620937	0.589991296444548	17.8753587144374	27.4119009060149	0	Y110A7A.20
Y110A7A.20	1	8	0	5	0	-0.430705226218444	0	-0.44714422594885	4.42583410620937	2.97981318751489	-1.149028053003	27.4119009060149	11.8117478150217	0	Y110A7A.20
Y20F4.4a	2	1	1	10	1	-0.669166684196265	-1	-0.552950993260882	556.89412971593	379.274283381445	0.38540869275174	3406.88854067851	4450.48546117924	0	Y20F4.4
Y20F4.4a	1	2	0	11	1	-0.669166684196265	-1	-0.813132359424317	379.274283381445	215.431129516063	-0.256868075642027	4450.48546117924	3724.46050453593	0	Y20F4.4
Y22F5A.3b	2	5	1	6	1	-0.404784032148604	-1	0.0921091896483155	286.06206600143	304.987323716843	1.24366760969383	203.424545703151	483.07683055902	0	Y22F5A.3
Y22F5A.3b	1	2	0	11	1	-0.404784032148604	-1	0.347579392999814	188.755108473556	240.448938105025	-0.533678555819472	235.973809091546	162.699403183222	0	Y22F5A.3
Y23H5A.4a	2	3	1	5	0	0.0140607998937554	0	1.10909922501673	13.2775023186281	29.7981318751489	1.03314237917004	173.282373584452	355.664850874542	0	Y23H5A.4
Y23H5A.4a	1	5	0	8	0	0.0140607998937554	0	-1.0717164139597	13.554992165193	5.92457603773637	-0.847242178748352	422.92718628708	234.638342496449	0	Y23H5A.4
Y24F12A.3	2	1	1	4	0	NA	0	NA	NA	NA	1.04031375062674	529.760630991507	1090.60205747502	0	Y24F12A.3
Y24F12A.3	1	8	0	5	0	NA	0	NA	NA	NA	-0.515720611987632	1090.60205747502	762.513942280844	0	Y24F12A.3
Y37E11AL.1	2	1	1	10	0	0.196039766161828	0	-2.55160157415912	15.2053004700595	1.7640664343323	0.547448760094587	412.304568177613	603.044178789507	0	Y37E11AL.1
Y37E11AL.1	1	2	0	11	0	0.196039766161828	0	1.52405209881972	1.7640664343323	6.94939127471169	-0.557411855062581	603.044178789507	409.460164677777	0	Y37E11AL.1
Y37E3.13a	2	1	1	3	1	-0.420792098187894	-1	-2.294345865764	98.7003017455082	19.3249528456552	0.608296220902615	90.2637734171533	138.127771884289	0	Y37E3.13
Y37E3.13a	1	9	0	4	1	-0.420792098187894	-1	2.51369218977511	19.3249528456552	115.071686761444	-0.580709691305899	138.127771884289	92.0256673273359	0	Y37E3.13
Y37H2B.1	2	3	1	5	0	NA	0	NA	NA	NA	0.690270244929967	89.0886779445486	144.365806628043	0	Y37H2B.1
Y37H2B.1	1	5	0	8	0	NA	0	NA	NA	NA	-0.88204814280094	159.772492597341	86.234604507242	0	Y37H2B.1
Y38F2AR.10	2	1	1	5	0	-0.148951479270165	0	-0.964684582160797	15.4904193717328	7.44953296878723	0.729205261045044	200.694274490467	333.353771668389	0	Y38F2AR.10
Y38F2AR.10	1	7	0	6	0	-0.148951479270165	0	0.60601648075186	7.44953296878723	11.8606181445439	-0.21235164921783	333.353771668389	287.590486675214	0	Y38F2AR.10
Y39B6A.25	2	1	1	1	0	0.580522941422339	0	-2.05257971315499	3.14847103496598	0	0.428929765475964	13.9208639915429	19.0869823098859	0	Y39B6A.25
Y39B6A.25	1	1	1	2	0	0.580522941422339	0	2.65683219814118	0	5.30646783578001	-0.512438685485533	19.0869823098859	13.0817062923411	0	Y39B6A.25
Y39B6A.25	2	5	1	3	0	0.580522941422339	0	-1.51421646850875	5.30646783578001	1.20780955285345	0.422681905065408	13.0817062923411	17.8753587144374	0	Y39B6A.25
Y39B6A.25	1	5	0	8	0	0.580522941422339	0	-2.95930576309685	6.77749608259652	0	-0.975050926609645	20.6764402184794	10.0272795938654	0	Y39B6A.25
Y40A1A.4	1	12	0	1	0	NA	0	NA	NA	NA	-1.44556604048356	918.777023441831	336.694367946388	0	Y40A1A.4
Y47H10A.1	2	1	0	12	1	1.20238698444579	1	1.28711284414467	13.8987825494234	35.3588681741875	2.22965146381356	107.110440428955	506.060297736693	0	Y47H10A.1
Y48B6A.10	2	4	1	6	0	-0.118903395427253	0	0.00427029814869329	214.546549501072	215.185500622439	2.31080554088216	22.311079206152	114.660259393386	0	Y48B6A.10
Y48B6A.10	1	3	0	10	0	-0.118903395427253	0	0.0675334378779553	279.397396137344	292.835028099162	-0.470393893324077	75.7294104816024	54.380795510809	0	Y48B6A.10
Y48E1B.11	2	4	1	8	0	0.143348344983421	0	0.290400630800439	30.4987323716843	37.5223149056637	0.514748966243742	1118.40744818139	1598.34836726214	0	Y48E1B.11
Y48E1B.11	1	1	0	12	0	0.143348344983421	0	-0.985950701792473	54.2052519427512	26.8727398123825	-0.320877727999012	1654.11059902943	1324.0528445701	0	Y48E1B.11
Y48G8AL.6	1	3	1	1	1	0.607632777528881	1	0.394651068256449	3579.81156675632	4706.42356524287	-0.375227745362151	519.196668129026	400.063149215209	0	Y48G8AL.6
Y48G8AL.6	2	1	1	4	1	0.607632777528881	1	2.56324115337493	849.090115655977	5023.32171054764	0.262609363589435	411.133250432059	493.414216308269	0	Y48G8AL.6
Y48G8AL.6	1	4	1	5	1	0.607632777528881	1	-0.285555765965064	5023.32171054764	4121.08163833309	-0.439645675285645	493.414216308269	363.539349417889	0	Y48G8AL.6
Y48G8AL.6	2	2	1	9	1	0.607632777528881	1	0.579366037425725	3712.73431698146	5548.03400901297	0.917251142112059	435.183934373756	822.739274368026	0	Y48G8AL.6
Y48G8AL.6	1	2	0	11	1	0.607632777528881	1	-0.671229222429247	4126.15138990325	2590.73306721252	-0.582289370902943	617.610463301331	412.171821397497	0	Y48G8AL.6
Y54F10BM.12	2	1	1	5	0	0.396366406482146	0	-0.00240620245921086	64.1745945400359	64.0659835315702	1.74704362143198	50.9078159683135	173.238967953651	0	Y54F10BM.12
Y54F10BM.12	1	7	0	6	0	0.396366406482146	0	-0.150788251732964	64.0659835315702	57.6087167020704	-0.847042341666052	173.238967953651	95.8634955584047	0	Y54F10BM.12
Y55F3AM.10	1	2	1	6	0	0.0583666791866033	0	-0.803154819470643	95.3540220004765	54.2199686607721	-0.696985283269546	1975.1867179564	1218.03029650679	0	Y55F3AM.10
Y55F3AM.10	2	1	1	8	0	0.0583666791866033	0	0.172202679718245	54.2199686607721	61.2206190566091	0.481180525512618	1218.03029650679	1700.62661911956	0	Y55F3AM.10
Y55F3AM.10	1	1	1	9	0	0.0583666791866033	0	-0.25008841647648	61.2206190566091	51.3178890864509	-0.255107634497801	1700.62661911956	1424.83483424644	0	Y55F3AM.10
Y55F3AM.10	2	1	1	10	0	0.0583666791866033	0	0.262134663395965	51.3178890864509	61.7423252016305	0.469494900917931	1424.83483424644	1973.24600853507	0	Y55F3AM.10
Y55F3AM.10	1	2	0	11	0	0.0583666791866033	0	-0.0795861402383879	61.7423252016305	58.3748867075782	-0.386717907544	1973.24600853507	1509.03696452439	0	Y55F3AM.10
Y66D12A.3	1	8	0	5	0	0.049792913480978	0	1.30536441171853	6.63875115931406	17.8788791250893	-0.950613702350139	490.477226925482	253.29636981102	0	Y66D12A.3
Y71H2AL.1	2	3	1	3	0	0.0373792180184989	0	0.288422575421276	679.227882979841	829.765162810322	0.494916689896874	484.023132816619	682.513696369427	0	Y71H2AL.1
Y71H2AL.1	1	2	1	6	0	0.0373792180184989	0	0.0890752498508132	668.968060597093	711.637088672634	-0.208682534875285	712.642118172974	616.533853787387	0	Y71H2AL.1
Y71H2AL.1	2	5	0	8	0	0.0373792180184989	0	0.300785927043494	711.637088672634	876.837253584983	0.37198682596552	616.533853787387	798.171455671682	0	Y71H2AL.1
Y73F8A.31	1	9	0	4	0	NA	0	NA	NA	NA	-0.770191055166721	95.8769240138004	55.802798272959	0	Y73F8A.31
Y75B12B.4	2	2	1	6	0	0.071753593772895	0	-0.138293723071156	207.097016532285	188.075516292053	2.12910899793664	77.4325690095865	342.10110179666	0	Y75B12B.4
Y75B12B.4	1	5	0	8	0	0.071753593772895	0	-0.146334941796437	188.075516292053	169.837846415109	-1.05226126672571	342.10110179666	164.447385339392	0	Y75B12B.4
Y76A2B.3	2	1	1	8	0	-0.111475384956625	0	-0.748218785248939	2389.06736911527	1421.89824905673	0.309862720789537	1345.84829058466	1668.53932441919	0	Y76A2B.3
Y76A2B.3	1	1	1	9	0	-0.111475384956625	0	0.40829974122299	1421.89824905673	1887.35792084614	-0.294438969514175	1668.53932441919	1360.32459568804	0	Y76A2B.3
Y76A2B.3	2	1	1	10	0	-0.111475384956625	0	-0.139842142948078	1887.35792084614	1712.90850773666	0.403323736749298	1360.32459568804	1799.4216800273	0	Y76A2B.3
Y76A2B.3	1	2	0	11	0	-0.111475384956625	0	-0.148241639872971	1712.90850773666	1545.54461949588	-0.184209284535529	1799.4216800273	1583.6075243167	0	Y76A2B.3
ZC123.4c	2	1	0	12	0	0.181882992878168	0	0.31633965497701	48.6457389229819	60.8172532596025	0.624179161538912	452.846672193302	698.52913228573	1	ZC123.4
ZC416.1	1	1	1	4	1	-0.616893280018412	-1	0.317613866525638	49.5201916669916	61.9616774869312	-0.598217867517372	1454.40418631104	960.395528171452	0	ZC416.1
ZC416.1	2	8	0	5	1	-0.616893280018412	-1	0.44859852489953	61.9616774869312	84.9246758441744	0.267484688508725	960.395528171452	1156.23886944823	0	ZC416.1
ZK1098.6	1	1	1	1	0	0.166537970347585	0	-0.16633103246297	45.6528300070067	40.5726169417488	-2.15911627208655	71.6666701786838	15.2695858479087	0	ZK1098.6
ZK1098.6	2	2	1	2	0	0.166537970347585	0	0.488106109884481	40.5726169417488	57.3098526264241	2.1647182809868	15.2695858479087	71.9493846078758	0	ZK1098.6
ZK1098.6	1	4	1	4	0	0.166537970347585	0	-0.40197113421842	47.1045725612847	35.406672849675	-1.56546836190163	71.5014348577495	23.4959150622985	0	ZK1098.6
ZK1098.6	2	1	1	8	0	0.166537970347585	0	0.510825293144955	44.0537245368774	63.1954777358546	2.89461985262164	13.1577346844869	104.2837077762	0	ZK1098.6
ZK1098.6	1	4	0	9	0	0.166537970347585	0	-0.193976861863826	63.1954777358546	55.1192142039658	-3.22190092303954	104.2837077762	10.2842409296003	0	ZK1098.6
ZK662.3b	2	1	1	2	0	0.0652819046496163	0	-0.641696626728521	767.191302171251	491.378921593229	0.331334375839582	264.927314461216	333.583510454697	0	ZK662.3
ZK662.3b	1	1	1	3	0	0.0652819046496163	0	-2.00124247257928	491.378921593229	121.988764838199	-0.24600298321484	333.583510454697	281.130641599788	0	ZK662.3
ZK662.3b	2	4	1	4	0	0.0652819046496163	0	2.61062997318123	121.988764838199	750.178881002489	0.340993448134112	281.130641599788	356.354711778194	0	ZK662.3
ZK662.3b	1	5	0	8	0	0.0652819046496163	0	0.157384234324621	355.818544336317	396.946594528337	-0.0874259508868107	302.627897743199	284.774740465776	0	ZK662.3
