A1 A2 A3 A4 A5 A6 A8 A9 A10 A11 A12 A13 B1 B2 B3 B4 B5 B6 B8 B9 B10 B11 B12 B13 A25 B25 C25 D25 F25 G25 H25 I25 J25 K25 L25 PMA A100 B100 C100 D100 F100 G100 H100 I100 J100 K100 L100
B0285.7 1 2 1 2 1 1 1 2 1 2 2 2 1 1 1 1 1 1 1 1 1 2 1 2 1 2 2 2 2 2 2 2 2 2 2 2 2 2 1 1 2 2 1 2 2 1 1
B0348.4u 2 1 1 1 2 2 1 2 2 2 2 2 1 2 2 2 1 2 2 2 2 1 2 1 1 1 1 1 1 1 1 1 1 1 2 1 1 1 1 1 1 1 1 1 2 1 1
B0348.5a 2 2 2 2 2 1 1 1 1 1 1 1 2 2 2 2 2 2 2 2 2 2 2 2 1 1 1 1 1 1 1 1 1 1 1 1 1 1 1 1 1 1 1 1 1 1 1
B0416.6 1 2 2 2 2 2 2 2 1 1 1 1 1 1 1 1 1 1 2 1 1 1 1 1 1 1 1 1 1 1 1 1 1 1 1 1 1 1 1 1 1 1 1 2 1 1 1
B0454.9 1 1 1 1 2 2 2 2 2 1 1 1 1 1 1 1 2 1 1 1 1 1 1 1 1 1 1 1 1 2 2 1 1 1 1 1 1 1 1 1 1 2 1 1 1 2 1
B0462.3 1 2 1 2 2 2 1 1 1 1 1 1 1 2 1 1 1 1 1 1 1 1 1 1 1 1 1 1 1 1 2 1 1 1 2 1 2 1 1 1 1 1 1 1 1 2 1
B0464.4a.1 2 1 1 1 1 1 1 1 2 2 1 1 1 1 1 1 2 1 1 2 2 2 1 2 2 2 1 1 2 1 1 1 2 1 1 1 2 1 1 1 1 1 1 1 1 1 1
B0507.1 1 1 1 1 1 1 1 1 1 1 1 1 1 1 1 1 1 1 2 2 2 2 1 1 1 1 1 1 1 1 1 1 1 1 1 1 1 1 1 1 1 1 1 1 1 1 1
B0511.11 1 1 1 1 1 1 1 1 1 1 1 1 1 1 1 1 1 1 1 1 1 1 1 1 1 1 1 1 1 1 1 1 1 1 1 1 1 1 1 1 1 1 1 2 1 1 1
C01B10.1 2 2 2 1 2 1 2 2 2 1 1 1 2 1 1 2 2 2 1 1 1 1 1 1 1 1 1 1 1 2 1 1 1 1 2 1 2 1 1 1 1 1 1 1 1 1 1
C03E10.3 1 1 1 1 1 1 1 1 1 1 2 2 1 1 1 1 1 1 1 1 1 2 2 1 1 1 2 1 1 1 1 1 1 1 1 1 1 1 1 1 1 1 1 1 1 1 1
C04A2.1.1 1 1 1 2 1 1 1 1 1 1 2 1 1 1 1 1 1 1 2 1 1 1 1 1 1 1 1 2 2 1 1 2 1 1 1 1 1 1 1 1 1 1 1 2 1 2 1
C04F12.2 2 1 1 1 1 1 1 2 1 2 2 1 1 1 1 1 1 1 1 1 1 1 1 1 2 2 2 2 1 2 2 2 2 2 2 2 1 1 1 1 1 1 1 1 1 1 1
C04F12.5 1 1 1 1 1 1 1 1 2 1 1 1 1 1 1 2 2 2 1 1 1 1 1 1 1 2 2 2 1 1 2 2 1 1 1 2 1 1 1 1 1 1 1 1 1 1 1
C05C10.4.3 2 1 1 1 1 1 1 1 1 1 1 1 1 1 1 1 1 1 1 1 1 1 1 1 1 1 1 1 1 1 1 1 1 1 1 1 1 1 1 1 1 1 1 2 1 1 2
C05D11.13 1 1 1 1 1 1 1 1 1 1 1 1 1 1 1 1 1 1 1 1 1 1 1 1 1 1 1 1 1 1 1 1 1 1 1 1 1 1 1 1 1 1 1 2 1 1 1
C05D2.6a 2 2 2 2 2 2 1 2 1 1 2 2 1 2 2 2 1 2 2 2 2 2 2 2 1 1 2 1 1 1 1 1 1 1 1 1 1 2 2 2 2 1 2 2 2 1 2
C05E11.1 1 1 1 1 1 1 1 1 1 1 1 1 1 1 1 1 1 1 2 2 2 2 1 1 1 1 1 1 1 1 1 1 1 1 1 1 1 1 1 1 1 1 1 2 1 1 1
C06A1.3 1 1 1 1 1 1 1 1 1 1 1 1 2 2 1 1 1 1 1 1 1 1 1 1 1 1 1 1 1 2 1 1 1 1 2 1 2 1 2 1 2 1 2 2 1 2 2
C06E8.5 2 1 1 1 2 2 2 1 1 1 1 2 1 1 1 2 1 1 1 1 1 1 2 1 1 1 1 1 1 1 1 1 1 1 1 1 1 1 2 1 1 1 2 1 1 1 2
C06H2.4 1 1 1 1 1 1 1 1 1 1 1 1 1 1 1 1 1 1 1 1 1 1 1 1 1 1 1 1 1 1 1 1 1 1 1 1 1 1 1 1 1 1 1 2 1 1 1
C07A9.9 1 1 1 1 1 1 1 1 1 1 1 1 1 1 1 1 1 1 2 2 1 1 1 1 1 1 1 1 1 1 1 1 1 1 1 1 1 1 1 1 1 2 1 2 1 2 1
C07G3.9.2 1 1 1 1 1 1 1 1 1 1 1 1 1 1 1 1 1 1 1 1 1 1 1 1 1 2 1 1 1 1 1 1 1 1 1 1 1 1 1 1 1 1 1 1 1 1 1
C08E3.6 2 2 1 1 2 2 2 1 2 1 1 1 1 1 2 2 1 2 2 1 2 1 1 1 1 1 1 1 1 1 1 1 1 1 1 1 1 1 1 1 1 1 1 2 2 1 1
C09F5.1 1 1 1 1 1 1 1 1 1 1 1 1 1 1 1 1 1 2 2 1 1 1 1 1 2 2 2 2 2 2 2 2 2 1 2 2 1 1 1 1 1 1 1 2 1 2 1
C10C6.9 1 2 1 1 1 1 1 1 1 1 1 1 1 1 1 1 1 1 1 1 1 1 1 1 2 2 2 2 2 2 2 2 2 2 2 2 2 1 1 1 1 1 1 1 1 1 1
C11H1.7a 2 1 1 1 1 1 1 1 1 1 2 1 1 1 1 1 1 1 1 1 1 1 1 1 2 2 2 2 1 2 2 2 1 2 2 2 1 1 1 1 1 1 1 1 1 1 1
C14F5.3d 1 1 1 1 1 1 1 1 1 1 1 1 1 1 1 1 1 1 1 1 1 1 1 1 1 1 1 1 1 1 1 1 1 1 1 1 1 1 2 1 1 1 1 1 1 1 1
C15C7.2 1 1 1 1 1 1 1 1 1 1 1 1 1 1 1 1 1 1 1 1 1 1 1 1 1 1 1 1 1 1 1 1 1 1 1 1 1 1 1 1 1 1 1 2 1 1 1
C16C4.14 1 1 1 1 1 1 1 2 1 1 1 1 1 1 1 2 1 1 1 1 1 1 1 1 1 1 1 1 1 1 1 1 1 1 1 2 1 1 1 1 1 1 1 2 1 2 1
C16C8.20 1 1 1 1 1 1 1 1 1 1 1 1 1 1 1 1 1 1 1 1 1 1 1 1 2 1 2 1 2 1 2 2 1 2 1 1 1 1 1 2 1 1 1 1 2 1 1
C16H3.3a 2 2 2 1 1 1 1 1 1 1 1 1 1 2 2 2 1 1 1 1 1 1 1 1 1 1 1 1 1 2 1 1 1 1 2 1 1 2 2 1 1 2 2 2 2 2 1
C17G10.8 2 2 2 1 2 1 2 1 2 1 2 2 1 2 2 2 1 2 2 2 2 2 2 2 1 1 1 1 1 1 1 1 1 1 1 1 1 2 2 1 1 2 2 2 2 1 2
C18D4.6c 1 2 2 2 2 2 2 2 2 2 2 2 1 1 1 1 1 2 1 1 1 1 1 1 1 2 2 2 2 2 2 2 2 2 2 2 1 1 1 1 1 1 1 1 1 1 2
C18G1.6.2 1 2 1 1 2 2 2 1 1 2 1 1 1 2 1 1 1 2 2 1 1 2 2 1 1 2 1 2 2 2 2 2 2 2 2 2 2 1 2 1 2 2 2 2 2 2 2
C25D7.5 1 1 1 1 1 1 1 1 1 1 1 1 2 2 2 1 1 1 1 1 1 1 1 1 1 1 1 1 1 1 1 1 1 1 1 1 1 2 1 1 1 1 1 2 1 1 2
C27D8.3b 1 1 1 1 1 1 1 2 2 2 2 2 1 1 1 2 1 2 2 2 2 2 2 2 2 2 2 2 2 1 1 2 2 1 2 2 2 2 1 2 2 1 2 2 2 1 1
C28A5.4 2 2 2 2 2 1 1 2 1 2 2 1 2 1 1 1 1 1 1 1 1 1 1 1 1 2 2 1 1 2 1 1 2 2 1 1 2 2 1 2 1 1 1 1 1 1 2
C28C12.1c 1 1 1 1 1 1 1 1 1 1 1 1 1 1 1 1 2 1 1 1 2 2 2 2 2 2 2 2 1 2 1 1 1 1 2 2 1 2 1 1 1 1 1 2 1 1 2
C28C12.2 2 2 1 1 1 1 2 1 2 1 2 2 2 2 1 1 1 1 2 1 2 1 2 2 1 1 1 1 1 1 1 1 1 1 1 1 2 2 2 2 1 2 2 2 2 1 2
C29F7.5 2 2 1 2 1 2 1 1 1 1 2 2 2 2 1 2 1 1 2 1 2 1 2 1 2 1 1 1 1 1 1 1 1 1 1 1 2 2 2 2 1 2 2 2 2 1 2
C29F9.1 1 2 1 2 2 2 2 2 2 2 2 1 2 2 2 2 2 2 2 2 2 2 2 2 1 1 1 1 1 2 1 1 1 1 1 1 1 1 1 1 2 2 1 2 2 1 1
C30E1.4 1 1 1 1 1 2 2 1 1 1 1 1 1 2 2 2 2 2 1 1 1 1 2 1 1 1 1 1 1 1 2 1 1 1 1 1 1 1 2 1 1 1 1 2 1 2 1
C30F12.5a.2 1 1 1 1 1 1 1 1 1 1 1 1 1 1 1 1 1 1 1 1 1 1 1 1 1 1 1 1 1 1 1 1 1 1 1 1 1 2 1 1 1 1 1 1 1 1 1
C30F2.1 1 1 1 2 1 1 1 1 1 1 1 1 1 2 1 1 1 1 1 2 1 1 1 2 1 1 1 2 1 2 1 1 1 2 1 1 1 1 1 1 1 1 2 1 1 1 1
C30G12.1 1 1 1 1 1 1 1 1 1 2 2 2 1 1 1 1 1 1 1 1 1 2 2 2 2 2 2 2 2 2 1 2 2 2 2 2 1 1 1 2 1 1 1 1 1 1 2
C33C12.8 1 1 1 1 1 1 1 1 1 1 1 1 1 2 2 1 2 2 1 1 1 1 1 1 1 2 2 2 2 2 2 2 2 2 2 2 1 1 1 1 1 1 1 1 1 1 1
C34C12.9 2 1 1 1 2 2 2 2 2 2 2 1 2 2 2 2 2 2 1 1 1 2 1 1 2 2 1 2 1 1 1 1 1 1 2 1 1 2 1 1 1 1 1 1 1 1 1
C36F7.1 1 1 1 1 1 1 1 1 1 1 1 1 1 1 1 1 1 1 1 1 1 1 1 1 1 1 2 1 1 1 1 1 1 1 1 2 1 1 1 1 1 1 1 1 1 2 1
C37C3.11 1 1 1 2 1 1 1 2 1 2 1 2 1 1 1 1 2 1 2 2 1 2 2 1 1 2 2 2 1 1 1 1 2 1 1 1 1 1 1 1 1 1 1 1 1 1 1
C40A11.9 1 2 2 2 1 2 1 1 1 1 1 1 1 1 1 1 1 1 1 1 1 1 1 1 1 1 1 1 1 1 1 1 1 1 1 1 1 1 1 1 1 2 1 2 1 2 2
C41D11.6 2 1 2 2 1 2 1 1 1 1 1 1 1 1 1 1 1 1 1 1 1 1 1 1 1 1 1 1 1 1 1 1 1 1 1 1 1 1 1 1 1 1 1 2 1 2 2
C45E1.1a 1 1 1 1 1 1 1 1 1 1 1 1 1 1 1 2 2 1 1 1 1 1 1 1 1 2 1 1 1 2 1 1 2 1 1 1 2 2 1 1 2 2 1 2 1 1 1
C46C2.3 1 1 1 1 1 1 1 1 1 1 1 1 1 1 1 1 1 1 1 1 1 1 1 1 1 1 1 1 1 1 1 1 1 1 1 1 1 1 1 1 1 1 1 2 1 2 2
C47B2.8 1 1 1 1 1 1 1 1 1 1 1 2 1 1 2 2 2 2 2 2 2 2 2 2 1 2 2 2 2 2 1 2 2 2 2 2 2 2 1 2 2 1 1 2 2 1 1
C47F8.1 1 1 1 1 1 1 1 2 1 2 2 2 1 1 1 1 2 1 1 2 2 2 2 1 1 1 1 1 1 2 2 2 1 1 1 2 1 1 1 1 1 1 1 1 1 1 1
C48E7.11 1 1 2 1 1 1 1 1 1 1 1 1 2 1 1 2 1 1 1 1 1 1 1 1 1 1 2 1 1 1 1 1 1 1 1 1 1 1 1 1 1 1 1 1 1 1 1
C50F4.11 2 2 2 2 2 2 2 1 2 1 1 2 2 2 2 2 1 2 2 1 2 1 2 2 1 1 1 1 1 1 1 1 1 1 1 1 2 2 2 2 2 2 2 2 2 1 2
C53B7.4 1 1 1 1 1 1 1 1 1 1 1 1 1 1 2 1 2 2 2 2 2 1 1 1 1 1 1 1 1 2 1 1 1 1 2 1 2 1 1 1 1 1 2 1 2 1 1
C54D1.3 1 1 1 1 1 1 1 2 2 2 2 1 2 2 2 2 2 1 1 1 1 2 2 2 2 1 2 2 1 2 1 1 2 1 1 2 1 1 2 1 1 1 2 2 1 1 2
C55C3.3 1 1 1 1 1 1 1 1 1 1 1 1 2 1 2 1 2 1 1 1 2 2 2 1 1 1 2 1 2 1 1 1 1 2 2 2 1 2 1 1 1 2 1 1 1 2 2
D2096.10 1 1 1 1 1 2 1 1 1 1 1 1 1 1 1 1 1 1 1 1 1 1 1 1 2 2 1 2 2 2 2 2 2 1 1 2 1 2 1 1 1 1 1 1 1 2 1
D2096.1a 1 1 1 1 1 1 1 2 1 2 2 2 1 1 1 2 1 2 2 2 2 2 2 2 1 1 1 1 2 1 1 1 1 1 1 1 1 2 1 1 2 1 1 1 1 2 1
D2096.5 1 1 1 1 1 1 1 1 1 1 1 1 1 1 1 1 1 1 1 1 1 1 1 1 1 1 1 1 1 1 1 1 1 1 1 1 1 1 1 1 1 1 1 2 1 1 1
EEED8.8 1 1 1 1 1 1 2 1 1 1 1 1 1 1 1 1 1 1 2 2 1 1 1 1 1 1 2 1 1 1 1 1 1 1 1 1 1 1 1 1 1 1 1 1 1 1 1
F01F1.3 1 1 1 1 1 1 1 1 1 1 1 1 1 1 1 1 1 1 1 1 1 1 1 1 1 1 1 1 1 1 1 1 1 1 1 1 1 2 1 1 1 1 1 2 2 1 1
F02E8.3 1 2 2 1 1 1 1 1 1 1 1 2 2 1 1 2 1 2 2 2 2 2 2 1 1 1 2 1 1 1 1 2 1 1 1 1 2 1 2 1 2 1 1 2 1 1 1
F07B7.6 2 1 2 2 1 2 1 1 1 1 1 1 1 1 2 2 1 1 1 1 1 1 1 1 1 1 1 1 1 1 1 1 1 1 1 1 1 1 1 1 1 1 2 1 1 2 2
F07F6.7 1 2 1 2 1 1 1 1 1 2 2 2 2 1 1 1 2 1 2 2 1 1 1 1 1 2 1 2 2 1 1 1 1 1 1 2 1 1 1 1 1 1 1 1 1 1 1
F07G6.7 1 1 1 1 2 1 1 1 1 1 1 1 1 1 1 1 1 1 1 1 1 1 1 1 2 2 1 2 2 1 1 1 1 2 1 2 1 1 1 1 2 1 1 1 1 1 2
F08B4.2c 1 1 1 1 1 1 1 1 1 1 1 1 1 1 1 1 2 1 2 2 1 1 1 1 1 1 1 1 1 1 1 1 1 1 1 1 1 1 1 1 1 1 1 1 1 2 1
F08F3.9b 2 2 2 1 1 2 1 1 1 1 1 1 2 1 1 1 1 1 1 1 1 1 1 1 2 2 2 2 2 2 2 2 2 2 1 2 1 1 2 1 1 2 1 1 1 2 1
F08G12.4 1 1 1 1 1 2 2 2 2 1 1 1 1 1 1 1 1 1 2 1 2 1 1 1 1 1 1 1 1 2 1 1 1 1 1 1 2 1 1 1 1 1 2 2 1 1 1
F09F7.6 2 1 2 1 2 1 1 1 1 1 2 1 1 1 1 1 1 1 1 1 1 2 2 1 2 2 1 2 1 1 2 2 2 2 2 2 2 2 2 2 2 2 1 2 2 1 1
F11A5.18 1 1 1 1 1 1 1 2 2 2 2 1 1 1 2 2 2 2 2 2 2 2 2 2 1 1 1 1 1 1 1 1 1 1 1 1 1 1 1 1 1 1 1 2 2 1 1
F11A6.2 1 1 1 2 1 1 1 1 1 1 1 1 1 1 1 1 2 1 1 2 2 2 2 2 2 2 2 2 2 2 2 2 2 2 2 2 1 1 1 1 1 1 1 1 1 1 1
F11G11.5.1 2 2 2 1 2 2 1 1 2 2 1 1 2 1 1 1 1 1 1 1 1 1 1 1 1 1 1 1 1 1 2 1 1 1 2 1 2 2 2 2 1 2 2 2 1 2 2
F13H8.8 1 1 1 1 1 1 1 1 1 1 1 1 1 1 1 1 1 1 1 1 1 1 1 1 1 1 1 1 1 1 1 1 1 1 1 1 1 1 1 1 1 1 1 2 1 1 1
F14D2.5 1 1 1 1 1 1 1 1 1 2 1 1 1 2 2 1 1 1 1 1 1 1 1 1 1 1 1 1 2 1 2 1 2 2 1 2 1 1 1 1 1 1 1 1 1 1 1
F14F4.3b 1 1 1 1 1 1 1 1 1 1 1 1 1 1 2 1 1 1 2 1 1 1 1 1 1 1 1 1 1 1 1 1 1 1 1 1 1 1 1 1 1 1 1 2 2 1 1
F15E6.12 1 1 1 1 1 1 2 2 1 1 1 1 1 1 1 1 1 1 1 1 1 1 1 1 1 1 1 1 1 1 1 1 1 1 1 1 1 1 1 1 1 1 1 2 1 2 2
F16D3.7 1 1 1 1 1 1 1 1 1 1 1 1 1 1 1 1 2 1 1 1 2 2 1 1 2 2 2 2 2 2 2 2 2 1 2 2 2 2 2 2 2 1 1 2 2 2 1
F17A2.5 1 1 1 2 1 1 1 2 1 1 1 1 1 2 1 1 1 1 1 2 1 1 1 1 1 1 1 2 1 2 2 2 2 2 2 2 1 1 1 1 1 1 1 2 1 1 1
F17A9.4 2 1 1 1 1 1 1 1 1 1 1 1 1 1 1 1 1 1 1 1 1 1 1 1 1 2 1 2 2 2 2 2 2 1 2 2 2 2 2 1 1 1 1 2 1 1 1
F17C11.1 1 1 1 1 1 1 1 2 1 2 2 2 1 1 1 1 1 1 2 2 2 2 2 2 2 2 2 2 2 2 1 2 2 2 2 2 1 1 1 1 2 2 1 2 1 1 2
F18H3.5b 2 2 1 2 1 1 1 2 1 1 2 1 2 2 2 2 2 2 2 2 2 2 2 2 2 1 1 1 1 1 1 2 1 1 1 1 1 2 2 1 1 1 1 2 1 1 2
F19B10.9 2 1 2 1 1 2 2 2 2 1 1 2 1 2 1 2 1 1 1 1 1 1 1 2 1 1 1 1 1 1 1 2 2 1 1 1 2 1 2 2 2 2 2 1 1 1 2
F19B2.6 1 1 1 1 1 2 2 2 1 1 1 1 2 2 2 2 2 2 2 2 1 1 1 1 1 1 1 1 1 2 1 1 1 1 2 1 2 1 1 1 2 2 2 2 2 2 1
F19C6.1 2 2 1 1 2 2 1 1 2 1 1 2 2 1 1 2 1 1 1 2 2 1 1 2 2 1 1 1 1 1 1 1 1 1 1 1 1 2 2 2 1 2 1 1 1 2 1
F20D1.3 2 2 1 1 1 1 1 2 1 1 1 1 2 1 1 1 1 2 1 1 1 1 1 1 1 1 1 1 1 2 2 2 1 1 2 1 2 2 2 2 2 2 2 1 2 2 1
F20D12.5 1 1 1 1 1 1 1 1 1 1 1 1 2 1 1 1 2 1 2 2 2 2 2 2 2 1 2 2 1 1 1 2 2 1 2 2 1 2 2 2 1 2 1 1 1 2 1
F21G4.5 2 1 1 2 2 2 1 2 1 1 1 1 2 1 1 1 1 1 1 1 1 1 1 1 2 2 1 2 2 2 2 2 2 2 2 2 2 1 1 1 1 1 2 2 2 1 2
F22B5.5 1 1 1 1 2 2 1 2 1 2 2 2 1 1 1 2 1 1 2 2 1 2 2 2 2 2 1 2 2 1 1 2 2 2 2 2 2 2 1 1 2 1 1 2 2 2 1
F22D6.10 1 1 1 1 1 1 1 2 1 2 1 2 1 1 1 1 2 1 2 2 1 2 2 1 1 1 1 1 1 1 1 1 1 1 1 1 1 2 1 1 1 1 1 2 2 2 2
F22E12.1 1 2 1 2 1 2 1 1 1 1 1 1 1 1 2 2 1 2 2 2 2 1 2 1 1 2 2 2 1 1 2 2 1 2 2 2 1 1 1 1 1 1 1 1 1 2 1
F22H10.10 1 1 1 1 1 1 1 1 1 1 1 1 1 1 1 1 1 1 1 1 1 1 1 1 1 1 1 1 1 1 1 1 1 1 1 1 1 1 1 1 1 1 1 1 1 1 2
F23A7.7 1 1 1 1 1 1 1 1 1 1 1 1 1 1 1 1 1 1 1 1 1 1 1 1 2 1 2 2 2 2 2 2 2 2 2 2 2 2 2 2 2 2 2 1 2 1 1
F23F12.3 1 1 2 2 1 1 1 1 1 1 1 1 1 1 1 1 1 2 2 1 1 1 1 1 1 1 1 2 1 1 1 1 1 1 1 1 2 2 1 1 1 1 1 2 1 2 2
F25C8.4 1 1 2 1 1 1 1 2 2 2 1 1 1 2 1 2 2 2 1 2 2 1 1 1 1 1 1 1 1 1 1 1 2 1 1 1 1 1 1 1 2 2 1 1 1 2 1
F26A3.4 1 1 1 1 1 1 1 1 1 2 2 2 1 1 1 1 1 1 1 1 1 1 1 1 2 2 2 2 2 1 2 2 2 2 2 2 2 2 1 1 1 1 1 2 1 1 2
F28F8.6.1 1 2 1 2 2 2 2 2 2 2 2 1 1 1 1 1 2 1 1 1 1 1 1 1 2 2 2 2 2 2 1 2 1 2 2 2 2 2 2 2 2 1 2 2 2 2 2
F29C12.1a 2 2 2 1 1 1 1 2 2 2 1 1 1 2 2 2 2 2 2 2 2 1 1 1 1 1 1 1 1 1 1 1 1 1 1 1 1 2 2 1 1 1 2 1 1 1 2
F29D10.3 1 1 1 1 1 1 1 1 1 1 1 1 1 1 1 1 1 1 1 1 1 1 1 1 1 1 1 1 1 1 1 1 1 1 1 1 1 1 1 1 1 1 1 2 1 1 1
F30A10.15 1 1 1 1 1 1 1 2 1 2 1 2 1 1 1 1 2 1 1 1 1 2 2 1 2 2 2 2 2 2 1 2 2 2 2 2 1 1 1 1 2 1 1 1 1 1 1
F30A10.8b 1 1 2 2 2 1 1 1 1 2 1 2 1 1 1 1 2 1 1 1 1 2 2 2 1 2 1 2 1 2 1 2 1 2 1 2 1 1 1 1 1 1 1 2 1 1 1
F31B9.3 2 2 2 1 1 1 1 1 1 1 1 1 2 2 2 2 2 1 2 2 1 1 1 1 1 1 1 1 1 2 2 1 1 1 2 1 2 1 1 1 2 2 2 2 2 1 1
F31C3.11 1 2 2 2 2 2 2 2 2 2 2 1 1 1 1 1 1 1 1 1 1 1 1 1 1 2 2 1 1 2 2 2 2 2 2 1 1 1 1 1 1 1 1 1 1 1 1
F31C3.9 1 2 2 2 2 1 2 2 2 2 2 1 2 2 1 1 1 1 1 1 1 1 1 1 1 1 1 1 1 2 1 2 2 2 2 1 1 1 2 2 2 2 2 1 2 1 1
F32A7.6 1 1 1 1 1 1 1 1 1 1 1 1 1 1 1 1 1 1 1 1 1 1 1 1 1 1 1 1 1 1 1 1 1 1 1 1 1 1 1 1 1 1 1 1 1 2 1
F32B5.7b.1 2 1 1 2 1 1 1 1 1 1 1 1 1 1 1 1 1 1 1 2 2 1 2 1 1 1 1 1 1 1 1 1 1 1 1 1 1 1 1 1 1 1 1 1 2 1 2
F32B6.9 1 1 1 1 1 1 1 1 1 1 1 1 1 1 1 1 1 1 1 1 1 1 1 1 2 2 2 2 2 1 1 2 2 2 1 2 1 2 1 1 1 1 1 2 1 2 1
F32D1.11 1 1 1 1 1 1 1 1 1 1 1 1 1 1 1 1 1 1 1 1 1 1 1 1 1 1 1 1 1 1 1 1 1 1 1 1 1 1 1 1 1 1 1 2 1 1 1
F35F11.2 2 1 1 2 2 2 1 2 1 1 1 1 1 1 1 1 2 1 1 2 2 1 1 1 1 1 1 1 1 2 1 1 1 1 2 1 1 2 1 1 1 1 1 2 1 2 2
F35H10.5 2 2 2 2 2 2 1 1 1 1 1 1 1 1 1 1 1 1 1 1 1 1 1 1 2 2 1 1 1 2 1 1 2 2 1 2 1 1 1 1 1 1 1 1 1 1 1
F36A4.14 1 1 2 2 1 2 2 1 1 1 1 2 2 2 2 2 2 2 1 2 1 2 1 1 1 1 1 1 1 1 1 1 1 1 1 2 2 1 2 2 1 1 2 2 1 2 1
F36A4.8 1 1 1 1 1 1 1 1 1 1 1 1 1 1 1 1 1 1 1 1 1 1 1 1 2 2 2 2 2 2 2 2 2 2 2 2 2 1 1 1 1 1 1 1 1 1 1
F37D6.6 1 1 1 1 1 1 1 1 1 1 1 1 1 1 1 2 2 2 2 2 1 1 1 1 1 1 1 1 1 1 1 1 1 1 1 1 1 1 1 1 1 1 1 2 1 2 1
F39B2.8 1 1 1 1 1 1 1 1 1 1 1 1 1 1 1 1 1 1 1 1 1 1 1 1 2 2 2 2 2 2 1 2 2 2 2 2 2 2 1 1 2 2 1 2 2 2 2
F39C12.1 1 1 1 1 1 1 1 1 1 1 1 1 1 1 1 1 1 1 2 2 1 1 1 1 1 1 1 1 1 2 1 1 1 1 2 1 1 1 2 1 1 1 2 1 1 2 1
F39E9.6 1 1 1 1 1 1 1 1 1 1 1 1 1 1 1 1 1 1 1 1 1 1 1 1 1 1 1 1 2 1 1 1 1 1 1 1 1 1 1 1 1 1 1 1 1 2 1
F40C5.3 1 1 1 1 1 1 1 1 1 1 1 1 1 1 1 1 1 1 1 1 1 1 1 1 1 1 1 1 1 1 1 1 1 1 1 1 1 2 1 1 1 2 1 2 1 2 2
F40D4.17 1 1 1 1 1 1 1 1 1 1 2 1 1 1 1 1 1 1 1 1 1 1 1 1 1 1 2 1 1 1 2 2 1 1 2 1 1 1 2 1 1 1 1 1 1 1 1
F40E3.5.2 1 1 2 1 1 2 1 1 1 1 1 1 1 1 1 1 1 1 2 1 1 1 1 1 1 1 1 1 1 1 1 1 1 1 1 1 1 1 1 1 1 1 2 1 1 2 2
F42G8.4b.1 1 1 1 1 1 1 1 1 1 1 1 2 1 1 1 1 1 1 1 1 1 1 1 1 2 2 2 2 2 2 2 2 2 2 1 2 2 1 1 2 2 2 1 2 2 2 2
F44G3.6.2 1 1 1 1 1 1 1 1 1 1 1 1 1 1 1 1 1 1 2 2 2 1 1 1 1 1 1 1 1 1 1 1 1 1 1 1 1 1 1 1 1 1 1 1 1 1 1
F45E6.2 1 1 1 1 1 1 1 2 2 1 1 1 2 2 1 2 1 1 2 2 2 2 1 1 1 1 1 1 1 2 1 1 1 1 2 1 2 2 1 1 2 1 2 2 2 1 1
F45H10.1b 1 1 1 1 1 1 1 1 1 1 1 1 1 1 1 1 1 1 1 1 1 1 1 1 2 2 2 2 2 1 2 2 2 2 1 1 1 1 1 1 1 1 1 1 1 1 1
F47A4.5 1 1 2 1 1 1 2 1 2 1 1 1 1 1 2 2 1 2 2 2 2 1 1 1 1 1 1 1 1 2 1 1 1 1 2 1 2 1 1 1 1 1 2 1 2 2 1
F47B10.1 1 1 1 1 1 1 1 1 1 1 1 1 1 1 2 2 2 1 1 1 2 2 2 2 2 2 1 1 2 1 1 2 2 1 2 2 1 1 1 1 1 1 1 1 1 1 1
F47G3.2 1 1 1 1 1 1 1 1 1 1 1 1 1 1 1 1 1 1 1 1 1 1 1 1 1 2 1 1 2 2 2 2 2 2 2 1 2 1 1 1 1 2 2 2 2 1 1
F47G6.2 2 2 1 1 1 1 1 2 2 1 2 2 1 2 2 2 1 2 2 2 2 2 2 2 1 1 1 1 1 2 1 1 1 1 2 1 1 1 1 1 1 2 2 2 2 1 1
F48D6.1.2 1 1 1 1 1 1 1 2 2 1 1 1 1 2 1 1 1 2 2 2 2 1 1 1 1 1 1 1 1 2 1 1 1 1 2 1 1 1 1 1 1 1 1 2 2 1 1
F49C5.4 1 1 1 1 1 1 1 1 1 1 1 1 1 1 1 1 1 1 1 1 1 1 1 1 1 1 1 1 1 1 1 1 1 2 1 1 1 1 1 1 1 2 1 2 1 2 1
F49E11.2 1 1 1 1 2 2 2 2 1 2 2 2 1 1 1 1 1 1 1 1 1 1 1 1 2 1 1 1 1 1 1 1 2 2 2 1 1 2 1 1 1 2 1 2 1 2 1
F49E8.6 1 1 1 1 1 1 2 1 1 2 1 1 1 1 1 1 1 1 1 1 1 1 1 1 1 1 1 2 2 1 1 2 2 1 1 2 1 2 1 1 2 1 1 1 1 1 1
F52D2.12 2 1 1 1 2 1 1 1 1 1 1 1 2 1 1 1 2 1 1 1 1 1 1 1 1 1 1 1 2 2 1 1 1 2 2 1 1 2 1 1 1 2 1 1 1 1 1
F52E4.7 2 2 2 1 1 2 1 1 2 1 1 2 1 2 2 2 1 2 1 2 2 1 1 2 2 1 2 1 1 1 1 1 1 1 1 1 2 1 2 1 1 2 2 2 2 2 1
F53B1.2 1 2 2 2 1 2 2 2 2 1 2 2 2 2 2 1 2 1 2 2 2 2 2 2 2 1 1 1 1 2 1 1 1 1 2 1 2 2 1 1 1 2 1 2 2 2 1
F53B2.7 1 2 2 2 2 2 1 2 1 1 1 1 2 2 2 1 1 2 2 2 1 1 1 1 1 2 1 1 1 2 2 1 1 2 1 1 1 1 2 1 2 2 2 1 1 2 1
F53B6.7 1 2 2 2 2 2 2 2 1 1 1 1 1 2 2 2 1 2 1 1 1 2 2 2 2 1 2 2 2 2 1 2 2 1 2 2 2 2 2 1 1 1 1 2 1 2 1
F53G12.7a 2 2 1 2 2 2 1 1 1 1 1 1 1 1 1 1 1 1 1 1 1 1 1 1 2 2 2 2 2 2 2 2 2 2 2 2 2 2 1 2 2 2 1 2 1 2 2
F53H10.2a 1 1 2 2 2 2 1 1 1 1 1 1 1 1 1 2 2 2 2 2 1 2 1 1 2 2 2 2 2 2 2 2 2 2 2 2 2 1 1 2 2 1 2 1 2 1 1
F54D10.3 1 1 1 1 2 2 1 1 1 1 1 1 1 1 1 1 2 1 1 1 1 1 1 1 1 1 1 1 1 1 1 1 1 1 1 1 1 1 1 1 1 1 1 2 1 1 1
F54F7.6.2 2 2 2 2 1 1 2 2 1 1 1 1 2 1 2 2 2 1 1 1 1 1 1 1 1 1 1 1 1 2 1 1 1 1 2 1 1 1 1 1 1 1 2 2 2 2 1
F55C9.1 1 1 1 1 1 1 1 1 1 1 1 1 1 1 1 1 1 1 2 2 1 1 1 1 1 1 1 1 1 1 1 1 1 1 1 1 1 1 1 1 1 1 1 1 1 1 1
F55G7.1 1 1 1 1 1 1 1 1 1 1 1 1 1 2 2 2 2 2 2 2 1 1 1 1 1 1 1 1 1 2 1 1 1 1 2 1 1 1 2 1 1 2 2 2 1 1 1
F56D12.4a 2 1 1 2 1 2 2 2 2 2 1 1 1 1 1 1 1 1 1 1 1 1 1 1 1 2 2 2 2 2 2 2 2 1 2 2 2 2 1 2 2 2 1 1 1 2 1
F56D6.15 1 1 1 1 1 1 2 2 2 1 1 1 1 1 1 1 1 1 2 2 2 2 1 1 1 1 1 1 2 2 1 1 1 2 2 1 1 2 1 1 2 2 2 1 1 1 1
F56G4.7 1 1 1 1 1 1 1 1 1 1 1 1 1 1 2 1 1 2 1 1 1 2 1 1 1 1 1 1 1 2 1 1 1 1 2 1 1 1 1 1 1 1 1 2 1 2 1
F57A10.2 2 2 2 2 2 2 2 2 1 2 1 1 1 1 2 1 1 1 1 1 1 1 1 1 1 1 1 1 1 1 1 1 1 1 1 1 1 1 1 1 1 1 1 2 1 2 2
F57F5.1 1 1 1 1 1 1 1 2 1 2 2 1 2 2 1 2 2 2 2 2 1 2 2 1 1 1 1 1 2 2 1 1 1 2 2 1 2 1 1 1 1 1 2 1 1 2 2
F57G4.8 1 1 1 1 1 1 1 1 1 1 1 2 1 1 1 1 1 2 1 1 2 2 1 1 1 2 2 2 2 2 1 2 2 2 2 2 1 1 2 1 1 1 2 1 1 1 1
F58D5.3 2 2 1 2 2 1 1 2 1 2 1 1 1 1 1 1 1 1 1 1 1 1 1 2 1 2 1 2 2 2 1 2 2 2 2 2 2 2 1 1 2 2 1 2 2 2 1
F58E1.13 2 2 2 2 2 2 2 2 2 1 1 1 1 2 2 2 1 2 2 2 1 1 1 1 1 1 1 1 1 2 1 1 1 1 1 1 1 1 1 2 2 2 2 2 2 2 1
F59E12.15 2 1 2 2 2 2 2 1 2 2 2 2 1 1 1 1 1 1 1 1 1 1 1 1 2 2 1 2 2 2 2 2 2 2 2 2 2 2 2 2 2 2 2 2 2 2 2
F59H6.2 1 1 1 1 1 1 1 1 1 1 1 1 1 1 1 1 1 1 1 1 1 1 1 1 1 1 1 1 1 1 1 1 1 1 1 1 1 1 1 1 1 1 1 2 1 2 2
H09G03.1 2 1 2 2 2 2 2 1 1 1 1 1 2 1 1 1 2 1 1 1 1 1 1 1 1 1 1 1 1 2 1 2 1 2 2 1 1 1 1 1 2 2 2 2 1 2 2
H25P06.5 1 1 1 2 2 2 1 2 1 2 2 2 1 1 1 1 1 1 1 1 1 1 1 1 1 2 2 2 2 2 2 2 2 2 2 2 1 1 2 2 2 1 1 1 1 1 1
K01A11.1 1 1 1 1 1 1 1 1 1 1 1 1 1 1 1 1 1 1 1 1 1 2 2 2 1 1 1 1 1 1 1 1 1 1 1 1 1 1 1 1 1 1 1 2 1 1 1
K02E7.4 1 2 2 1 2 2 1 2 2 2 2 1 2 2 1 1 1 1 1 1 1 2 2 1 2 1 1 2 1 2 2 1 2 2 2 2 2 1 1 1 1 1 1 1 1 1 1
K03H6.5b 1 1 1 1 1 1 1 1 1 1 1 1 1 1 1 1 1 1 1 1 1 1 1 1 1 1 1 1 1 1 1 1 1 1 1 1 1 1 1 1 1 1 1 1 1 2 1
K05C4.11 2 1 2 2 1 1 1 1 1 1 1 1 1 1 1 1 1 1 1 1 1 1 1 1 1 2 2 2 2 1 2 2 2 2 2 2 1 1 1 1 1 1 1 2 1 2 2
K05C4.8 1 1 2 2 2 2 1 1 1 1 1 1 1 1 1 1 1 1 1 1 1 1 1 1 1 1 1 1 1 1 1 1 1 1 1 1 1 1 1 1 1 1 1 2 1 2 2
K08A2.4 1 1 1 1 1 1 1 1 1 1 1 2 1 1 1 2 2 2 2 1 1 2 1 1 1 1 1 1 1 1 2 1 2 1 1 1 1 1 1 1 1 1 1 1 1 1 1
K08B4.6 1 1 1 1 1 1 1 1 1 1 2 1 1 1 1 1 1 1 2 1 1 2 2 1 1 2 1 2 2 1 1 1 2 1 1 2 1 2 1 1 1 1 1 2 1 1 2
K08E4.7 1 1 1 2 2 1 2 2 1 2 2 1 1 1 1 1 2 2 2 1 1 2 2 1 1 1 1 1 2 2 1 1 1 1 2 1 1 2 1 1 1 1 1 1 1 1 1
K09A9.5 1 1 1 1 1 1 1 1 1 1 1 1 1 1 2 1 2 2 2 2 2 1 1 1 2 2 1 1 1 2 1 2 1 2 2 1 2 1 1 1 1 2 2 2 1 1 1
K09D9.12 1 1 1 1 1 1 2 2 2 2 2 2 2 1 1 1 2 1 2 2 2 2 2 2 2 2 2 2 2 2 2 2 2 2 2 2 2 2 1 2 2 2 2 2 2 2 1
K09E3.4 2 1 1 2 1 2 1 2 1 2 2 2 1 1 1 2 2 2 2 2 2 2 2 2 2 2 2 2 2 1 2 2 2 2 2 2 1 1 1 2 2 1 2 1 2 2 1
K09E9.3 2 1 1 1 1 1 1 1 1 1 1 1 1 1 1 1 1 1 1 1 1 1 1 1 1 1 1 1 1 2 2 1 1 1 2 1 2 1 1 1 2 2 2 2 2 2 1
K10B3.5 1 1 1 1 1 1 1 1 1 1 1 1 1 1 1 1 2 1 2 2 1 1 1 1 2 2 2 2 2 2 2 2 2 2 2 2 2 1 2 1 2 2 1 2 2 1 1
K10B4.6a 1 1 1 1 1 1 1 1 1 2 1 1 1 1 1 1 1 1 1 1 1 1 1 1 2 2 2 2 2 2 2 2 2 2 2 2 1 1 1 1 1 1 1 1 1 1 1
K10D2.8 1 1 1 1 2 1 1 2 1 2 1 1 2 2 2 2 2 1 1 2 2 2 2 2 1 2 1 1 1 1 1 1 1 1 1 1 1 2 1 1 1 1 1 2 1 1 1
K11D2.2.1 1 1 1 2 1 2 2 2 1 1 1 1 1 2 2 2 2 2 1 2 2 2 2 2 1 1 2 2 1 2 1 1 2 1 1 1 1 1 1 2 1 1 1 1 2 1 2
K12C11.7a 2 2 1 2 2 2 1 1 1 1 1 1 2 1 1 2 2 2 1 2 1 2 1 2 1 2 2 1 2 2 1 2 1 1 2 2 1 2 1 1 1 1 1 2 1 2 2
M01D7.5 2 2 2 2 2 2 1 1 1 2 2 1 2 2 2 2 1 1 1 1 1 1 1 1 1 1 1 2 1 1 1 1 1 1 2 1 1 2 2 1 2 1 1 1 2 2 1
M01D7.9 2 2 1 1 2 2 2 1 2 1 2 1 1 1 1 1 1 1 1 1 1 1 1 1 1 1 2 2 2 2 2 2 2 2 2 2 2 2 1 2 2 2 2 1 2 1 2
M01F1.7 1 1 1 1 1 1 1 1 1 2 2 2 1 1 1 1 2 1 1 1 1 2 2 2 2 2 2 2 2 2 2 2 2 2 2 2 1 2 1 1 1 1 1 1 1 2 1
M04B2.8 1 1 1 1 1 1 1 1 1 1 1 1 1 1 1 1 1 1 1 1 1 1 1 1 1 1 1 1 1 1 1 1 1 1 1 1 1 1 1 1 1 1 1 2 1 1 1
M142.6c 1 1 1 1 1 1 1 1 1 1 1 1 1 1 1 1 1 1 2 2 1 1 1 1 1 1 1 1 1 1 1 1 1 1 1 1 1 1 1 1 1 1 1 1 1 1 1
M4.2 1 1 1 1 1 1 1 2 1 2 2 2 1 1 1 1 1 1 1 2 2 2 2 2 1 2 2 2 1 2 1 2 2 1 2 2 2 2 1 1 1 1 1 2 1 1 2
M88.7 1 1 1 1 1 1 1 1 1 2 1 1 1 1 1 1 1 1 1 1 1 1 1 1 1 2 2 2 2 2 2 2 2 2 2 2 2 1 1 2 2 2 1 2 1 2 1
R01H10.6 1 1 1 1 1 1 1 1 1 1 1 1 1 1 1 1 1 1 1 1 1 1 1 1 1 1 1 1 1 1 1 1 1 1 1 1 1 1 1 1 1 1 1 2 1 1 1
R02F2.4 1 2 1 1 1 1 2 2 2 1 1 2 2 2 2 1 1 1 2 1 1 1 2 2 2 1 1 1 1 1 1 1 1 1 1 1 2 2 2 2 2 2 1 2 1 1 2
R05C11.1 1 1 1 1 1 1 1 1 1 1 1 1 2 1 1 1 2 2 2 2 1 1 1 1 1 1 1 1 1 1 1 1 1 1 1 1 1 1 1 1 1 1 1 1 1 1 1
R05G6.5 1 1 1 1 1 1 1 2 2 2 2 1 1 1 1 1 1 1 2 2 2 2 2 2 1 2 2 2 1 1 1 1 2 1 2 2 1 1 1 1 1 1 1 2 1 1 1
R07E5.4 1 1 1 1 1 1 2 1 1 1 2 1 1 1 1 1 1 1 1 1 1 1 1 1 1 2 1 1 2 1 2 2 2 2 1 2 1 1 2 1 2 1 2 1 1 2 1
R07H5.9 2 1 2 1 1 1 1 1 1 1 1 1 1 1 2 1 1 1 1 1 1 1 1 1 1 1 1 1 2 2 1 1 1 1 2 1 2 1 1 1 1 1 1 2 2 2 2
R08E3.3b 2 1 1 1 1 1 2 1 1 1 1 1 2 2 2 1 2 2 2 2 2 1 1 1 1 1 1 1 1 2 1 1 1 1 2 1 2 1 1 1 1 1 2 2 2 2 1
R10E4.3 1 1 1 1 1 1 1 1 1 1 1 1 1 1 1 1 1 1 1 1 1 1 1 1 1 1 1 1 1 1 1 1 1 1 1 1 1 1 1 1 1 1 1 2 1 1 1
R10F2.6 1 1 1 2 1 1 1 1 1 2 2 2 1 1 1 1 1 1 1 1 1 1 1 1 1 1 1 2 2 1 1 1 2 1 1 2 1 1 1 1 1 1 1 1 1 1 1
R11E3.3 1 1 1 1 2 1 1 1 1 1 1 1 1 1 2 1 1 1 1 1 1 1 1 1 1 2 1 1 2 1 1 2 2 1 2 2 2 2 1 1 1 1 1 1 2 1 2
R11G10.3 1 1 1 1 1 1 1 2 2 2 2 2 2 2 1 1 2 1 2 2 1 2 2 2 1 1 1 1 1 1 1 2 1 1 2 1 2 2 1 1 2 1 1 1 2 1 2
R13A1.10 2 1 2 1 1 2 1 1 1 1 1 1 1 1 2 1 1 1 1 1 1 1 1 1 1 1 1 2 2 2 2 2 1 2 2 2 1 1 1 1 1 1 1 2 1 2 1
R13F6.9 1 1 1 1 1 1 1 1 1 1 1 1 1 1 1 1 1 1 1 1 1 1 1 1 1 1 1 1 1 1 1 1 1 1 1 1 1 1 1 1 1 1 1 2 1 1 1
R13H9.7 2 2 1 1 1 2 1 2 2 2 2 1 2 2 1 1 2 1 2 1 2 1 1 1 1 1 1 1 1 2 2 2 2 2 2 1 2 2 2 2 2 1 2 1 2 1 2
R151.5a 1 1 1 1 1 1 1 1 1 1 1 1 1 1 1 1 2 1 1 1 1 1 1 1 2 2 2 2 2 2 2 2 2 2 2 2 1 1 1 1 1 1 1 2 1 1 1
T05C3.6a 1 1 1 1 1 1 1 1 1 1 1 1 1 1 1 1 1 1 1 1 1 1 1 1 1 1 1 1 1 1 1 1 1 1 1 1 1 1 1 1 1 2 1 2 1 2 1
T05E11.9 1 1 1 1 1 1 1 1 1 1 1 1 1 1 1 1 1 1 1 1 1 1 1 1 2 2 1 2 2 1 1 1 1 2 1 2 1 1 1 1 2 1 1 1 1 1 1
T06C12.7 1 1 1 1 1 1 1 1 1 1 1 1 1 1 1 2 1 2 2 2 1 1 1 1 1 1 1 1 1 1 1 1 1 1 1 1 1 1 1 1 1 1 2 2 1 1 1
T07F10.6 1 1 1 1 1 1 1 2 2 2 2 2 2 2 1 2 2 1 1 1 1 2 2 1 2 2 1 2 1 2 1 2 2 2 2 2 1 2 1 1 1 1 1 2 1 2 1
T08D2.4 1 1 1 2 2 2 2 2 1 1 1 1 2 1 2 1 2 1 2 1 1 1 1 1 1 2 1 2 2 2 2 2 2 2 2 2 2 2 2 2 2 1 2 1 1 2 1
T08E11.10 2 1 1 2 2 2 1 1 1 1 1 1 2 1 1 1 1 1 1 1 1 1 1 1 2 2 1 2 2 2 2 2 1 2 2 2 1 1 2 2 2 2 1 1 1 2 1
T09B9.4 2 2 1 2 1 1 2 2 1 1 1 1 2 2 2 2 2 1 1 1 1 1 1 1 2 2 2 1 2 2 2 2 2 1 2 2 1 1 2 2 2 2 2 1 2 2 1
T12B5.1 1 1 1 1 2 1 1 1 1 1 1 1 1 1 1 1 1 1 1 1 1 1 1 1 2 2 1 2 2 1 1 1 1 2 1 2 1 1 1 1 2 1 1 1 1 1 1
T13H2.4a 2 2 2 2 1 2 2 2 2 1 1 1 1 2 2 2 1 2 2 2 2 2 1 1 1 1 1 1 1 2 1 1 1 1 2 1 2 1 2 2 2 2 2 1 2 2 1
T13H2.5a 1 1 1 1 1 1 1 1 1 1 1 1 1 1 2 1 1 1 2 2 2 1 1 1 1 1 1 1 1 2 1 1 1 1 1 1 1 1 1 1 1 1 2 2 2 2 1
T16G12.1 1 1 2 2 2 2 2 1 1 1 1 1 2 2 2 2 2 2 2 2 1 1 1 1 1 1 1 1 1 1 1 1 1 1 1 1 2 1 1 1 1 1 1 1 1 2 1
T20F5.5 1 1 1 1 1 1 1 1 1 1 1 1 1 1 1 1 1 1 1 1 1 1 1 1 1 1 1 1 2 1 1 1 1 1 1 1 1 1 1 1 1 1 1 1 1 1 1
T20H4.2 1 1 1 1 1 1 1 1 1 1 1 1 1 1 1 1 1 1 1 1 1 1 1 1 1 2 1 2 2 1 1 1 1 1 1 2 1 1 1 1 1 2 1 2 1 2 1
T20H9.6 1 1 1 1 1 1 1 1 1 1 1 1 1 1 1 1 1 2 1 1 1 1 1 1 1 1 1 1 1 1 1 1 1 1 1 1 1 1 1 1 1 1 1 1 1 2 1
T22B11.5b.2 2 2 1 2 2 1 2 1 1 1 1 2 2 2 2 2 2 1 2 1 1 2 1 2 1 1 2 1 1 1 1 1 1 1 1 2 1 1 1 2 1 1 1 1 2 1 2
T23D8.4.3 2 1 2 1 2 2 2 1 1 1 1 2 1 1 1 1 1 1 1 1 1 1 1 1 1 1 2 1 1 2 2 2 1 2 1 1 2 2 2 2 2 2 2 2 2 1 2
T23D8.6 1 1 1 1 1 1 1 1 1 1 1 1 1 1 1 1 1 1 1 1 1 1 1 1 1 1 1 2 1 1 1 1 1 2 1 1 1 1 1 2 1 1 2 1 1 1 1
T23G11.6c 1 1 2 2 2 1 1 1 1 2 1 1 1 1 1 1 1 1 1 1 1 1 1 1 1 1 1 1 1 2 1 1 1 1 2 1 2 2 1 2 1 1 1 1 2 1 2
T24A11.3 1 1 1 1 1 1 1 1 1 1 1 1 1 1 1 1 1 1 1 1 1 1 1 1 1 1 1 1 1 1 1 1 1 1 2 1 2 1 1 1 1 1 1 1 1 1 1
T24C4.6a 2 2 1 1 1 2 1 2 2 2 1 2 2 2 1 1 1 2 1 2 2 2 1 1 1 1 1 2 1 1 1 1 2 1 1 2 1 1 1 1 1 1 1 1 2 2 1
T24D5.11 2 1 1 1 1 1 1 2 1 1 2 2 2 1 1 1 2 1 1 2 2 2 2 1 1 2 1 2 2 1 1 1 1 2 1 2 1 1 1 1 1 2 1 1 1 1 1
T25D3.3 1 1 1 1 1 1 1 1 1 1 1 1 2 2 2 2 2 2 2 2 2 2 2 2 1 1 1 1 1 1 1 1 1 1 1 1 1 1 1 1 1 2 1 2 1 2 1
T26C11.5 1 1 1 1 1 2 1 1 1 1 1 1 1 1 1 1 1 1 1 1 1 1 1 2 1 1 1 1 1 2 1 1 1 1 1 1 1 1 1 1 1 1 2 2 2 2 1
T26C11.9 2 1 1 1 1 2 1 1 2 1 1 1 1 1 1 1 1 1 1 1 1 1 1 2 1 1 1 2 1 2 2 2 2 2 2 2 1 2 1 1 1 1 1 2 2 2 1
T26C12.4 1 1 1 1 1 1 1 1 1 1 1 1 1 1 1 2 1 1 1 1 1 1 1 1 1 1 1 1 1 1 1 1 1 1 1 1 1 1 1 1 1 1 1 2 1 1 1
T27A1.1 1 1 1 1 1 1 1 1 2 2 1 1 2 2 2 2 2 1 2 2 2 2 2 1 1 2 2 1 2 1 2 2 2 2 2 1 1 2 1 1 2 2 1 1 2 2 1
T28C6.3 2 1 1 1 1 1 1 1 1 1 2 1 1 1 1 1 1 1 1 1 1 2 1 1 1 2 2 2 1 2 1 2 2 2 1 2 1 1 2 1 1 1 1 1 1 1 1
T28F4.6 2 1 2 2 2 2 2 2 1 1 1 1 1 1 1 2 1 1 1 1 1 1 1 1 1 2 2 2 2 2 2 2 2 2 2 2 2 2 2 2 2 1 2 1 2 2 1
VF11C1L.1 1 1 1 1 1 2 1 1 1 1 1 1 1 2 2 2 1 2 2 2 2 1 1 1 1 1 1 1 1 2 1 1 1 1 2 1 1 1 2 1 2 1 2 1 2 2 1
VH15N14R.1 1 1 1 1 1 1 1 2 1 2 1 2 1 1 1 1 2 1 2 2 1 2 1 2 1 1 1 2 1 2 1 2 1 2 2 1 2 2 1 1 2 2 1 2 1 1 2
W02A11.8 1 1 1 1 2 1 1 1 2 2 2 1 1 1 1 1 1 1 1 1 1 1 1 1 2 2 2 2 2 2 2 2 2 2 2 2 1 1 1 1 1 1 1 1 1 1 1
W02B12.4 1 1 2 2 2 2 1 1 1 1 1 2 1 1 2 2 1 2 2 2 1 1 2 1 1 2 1 1 1 1 2 2 2 2 2 1 1 2 2 1 1 2 2 2 1 2 2
W02D7.5 1 1 1 1 1 1 1 1 2 2 1 1 1 1 1 1 1 1 1 1 1 1 1 1 1 1 1 1 1 1 1 1 1 1 1 1 1 1 1 1 1 1 1 1 1 1 1
W02G9.1 2 2 2 2 2 2 2 2 2 2 2 2 1 1 1 2 2 2 2 2 2 2 2 2 2 2 2 2 2 2 1 2 2 2 2 2 2 2 1 2 2 2 1 2 2 2 2
W03C9.1 1 1 1 1 2 1 1 2 1 2 2 1 2 2 2 2 2 2 1 2 1 2 2 2 1 2 1 2 2 1 1 1 1 2 2 2 1 2 1 2 1 1 1 2 2 2 2
W03D2.12 1 1 1 1 2 1 1 2 1 2 2 2 1 1 1 1 1 1 1 1 1 2 2 2 2 2 1 2 2 2 1 2 2 2 1 2 1 2 1 2 1 2 1 1 1 2 1
W03D2.5c 1 1 1 1 1 1 1 1 1 1 1 1 1 1 1 1 1 2 2 2 2 2 2 2 1 1 1 1 1 1 1 1 1 1 1 1 1 1 1 1 1 1 1 1 1 1 1
W03F11.5 1 1 1 1 1 1 1 2 2 2 2 1 1 1 1 2 2 2 2 2 2 2 2 2 1 1 1 1 1 1 1 1 1 1 1 1 1 2 1 1 1 1 1 1 1 1 2
W04B5.3c 1 1 1 1 1 1 1 1 1 1 1 1 1 1 1 1 1 1 1 1 1 1 1 1 1 1 1 1 1 1 1 1 1 1 1 1 1 1 1 2 1 1 1 1 1 1 1
W06D11.1 2 2 1 1 1 2 2 2 2 1 1 1 1 1 1 2 1 2 1 2 2 1 1 1 1 2 1 2 1 2 1 2 1 1 2 2 1 1 1 2 2 2 1 1 1 1 1
W06H8.6 2 1 2 1 1 1 2 1 1 1 1 1 2 2 2 2 1 2 2 2 1 1 1 1 1 1 1 1 1 2 1 1 1 1 2 1 2 1 2 1 1 2 2 2 2 1 2
W09B6.5 1 1 1 1 1 1 1 1 1 1 2 1 1 1 1 1 2 1 1 2 2 1 1 1 1 1 1 1 1 1 1 1 1 1 1 1 1 1 1 1 1 1 1 2 1 1 1
W09G3.5 1 2 2 1 1 1 1 1 1 1 1 1 1 1 1 1 1 1 1 1 1 1 1 1 2 2 2 2 2 2 2 2 1 2 2 2 2 1 1 1 1 1 1 1 1 1 1
W09H1.2 2 2 1 1 1 1 1 1 1 2 2 1 1 1 1 1 1 1 1 1 1 2 1 1 1 1 1 1 1 2 1 2 1 2 2 2 1 1 1 1 1 1 1 1 1 1 1
W10D5.1 1 1 1 1 1 1 1 1 1 2 2 2 1 1 1 1 2 1 1 2 1 1 1 2 2 2 2 2 2 2 2 2 2 2 2 2 2 2 1 2 2 2 1 2 2 1 2
Y102A5C.3 1 1 1 1 1 1 1 1 1 1 1 1 1 1 1 2 1 2 1 1 1 2 2 1 1 1 1 1 1 1 1 1 1 1 1 1 1 1 1 1 1 1 1 1 1 1 1
Y102A5C.35 1 1 1 2 2 2 1 2 1 2 1 1 2 1 1 1 2 1 1 1 1 1 1 1 2 2 1 2 2 2 2 2 2 2 2 2 2 1 1 2 1 2 1 1 2 2 2
Y102A5C.4 1 1 1 1 1 1 1 1 1 1 1 1 1 1 1 1 1 1 1 1 1 1 1 1 1 1 1 1 1 1 1 1 1 1 1 1 1 1 1 1 1 1 1 2 1 2 1
Y102A5C.6 2 1 1 1 1 1 1 1 1 1 1 1 1 1 1 1 1 1 1 1 2 2 2 2 2 1 2 2 2 2 2 2 2 2 2 2 1 1 2 1 2 1 2 1 1 1 1
Y102A5C.8 1 1 2 2 2 2 1 2 1 1 1 1 2 1 1 1 1 1 1 1 1 1 1 1 1 2 1 1 1 1 1 1 1 1 1 1 2 1 1 1 1 2 1 2 1 2 2
Y110A7A.20 1 1 1 1 1 1 1 1 2 1 1 2 1 1 1 1 2 1 1 1 1 1 1 1 1 1 1 1 1 1 1 1 1 1 1 1 1 2 1 1 1 1 1 2 1 1 1
Y119D3B.21 1 1 1 1 1 1 1 1 1 1 1 1 1 1 1 1 1 1 1 1 1 1 1 1 1 1 1 1 1 1 1 1 1 1 1 1 1 1 2 1 1 1 1 1 1 1 2
Y119D3B.8 1 1 1 1 2 1 1 1 1 2 1 1 1 1 1 1 1 1 1 1 1 1 1 1 2 2 1 2 2 1 1 1 1 2 1 1 1 1 1 1 2 1 1 1 1 2 1
Y17D7B.4.3 1 1 1 1 2 1 1 1 1 1 1 1 1 1 1 1 1 1 1 1 1 1 1 1 2 2 1 2 2 1 1 1 1 2 1 2 1 1 2 1 1 1 1 1 1 2 1
Y17D7B.7 1 1 1 1 1 1 1 1 1 1 1 1 2 1 2 2 2 1 2 1 1 1 1 1 1 1 1 1 1 2 2 2 1 2 2 1 1 1 2 1 1 1 1 1 1 2 2
Y17D7C.3 1 1 1 1 1 1 1 1 1 1 1 1 1 1 1 1 1 1 1 1 1 1 1 1 1 2 1 2 2 2 1 2 1 2 2 2 1 1 1 1 2 1 1 1 1 2 1
Y17G7B.8 1 1 1 1 2 1 1 1 1 2 1 1 1 1 1 1 1 1 2 1 1 1 1 1 1 2 1 2 2 1 2 2 2 2 2 2 1 1 1 1 1 1 1 2 1 1 2
Y20F4.4a 1 1 1 1 1 1 1 1 1 1 1 1 1 1 1 1 1 1 1 1 1 2 1 1 2 2 2 2 2 2 2 2 2 2 2 2 1 1 1 2 1 1 1 1 1 1 1
Y22F5A.3b 1 1 1 1 1 1 1 2 1 1 1 1 1 1 1 1 1 1 2 2 2 2 1 1 1 1 1 1 1 1 1 1 1 1 2 1 1 1 1 1 1 1 1 2 1 1 1
Y23H5A.4a 2 2 2 2 2 2 2 2 2 2 2 2 1 1 1 1 1 2 2 1 1 1 1 1 1 2 2 2 2 1 1 2 2 1 2 2 1 2 1 2 2 1 1 1 1 2 1
Y23H5A.8b 2 2 2 2 2 2 2 2 2 2 1 1 1 1 1 1 1 1 1 1 1 1 1 1 1 2 2 2 2 2 2 2 2 2 2 2 2 2 2 2 2 2 2 2 2 2 2
Y24F12A.3 2 1 1 1 2 2 1 2 1 1 1 1 1 1 1 1 2 1 1 1 1 1 1 1 1 1 1 2 2 2 2 2 1 2 2 2 2 1 2 2 2 2 2 2 1 2 2
Y2H9A.3 1 1 1 1 1 1 1 1 1 2 1 2 1 1 1 1 2 1 1 2 1 2 1 1 2 2 1 2 1 2 1 2 2 2 2 2 2 2 1 1 1 1 1 1 1 1 1
Y34F4.5a 1 1 2 1 1 1 1 1 1 2 1 2 1 1 1 1 1 1 1 1 1 1 1 1 2 2 2 1 2 2 2 2 1 2 2 2 1 1 1 2 1 1 1 1 1 1 1
Y37E11AL.1 1 1 1 1 1 1 1 1 1 1 2 1 1 1 1 1 1 1 1 1 1 2 1 1 1 2 2 2 2 1 1 1 1 2 2 2 1 2 1 1 2 2 1 2 1 2 1
Y37E11AR.2 1 1 1 1 1 1 1 1 1 1 1 1 2 1 2 2 2 2 2 2 2 2 2 1 1 1 2 1 1 2 1 1 1 1 1 2 1 1 1 1 1 2 1 1 2 2 1
Y37E11B.1b 1 1 1 1 1 1 1 2 1 2 1 1 1 1 1 1 1 1 1 1 1 1 1 1 2 2 2 2 2 2 2 2 2 2 2 2 1 2 2 2 2 1 1 2 1 2 1
Y37E3.13a 1 1 1 1 1 1 1 2 1 2 2 1 1 1 1 2 1 1 1 1 1 1 1 1 1 1 1 1 1 1 1 1 1 1 1 1 1 1 1 1 1 2 1 2 1 1 1
Y37H2B.1 1 1 2 1 1 2 2 1 1 1 1 1 1 2 2 2 2 2 2 2 2 1 1 1 1 1 1 1 1 2 1 1 1 1 1 1 1 1 1 1 1 2 2 2 1 2 1
Y38F2AL.1 1 1 1 1 1 1 1 1 1 1 1 1 1 1 1 1 1 1 1 1 1 1 1 1 1 1 1 1 1 1 1 1 1 1 1 1 1 1 1 1 1 1 1 2 1 1 2
Y38F2AR.10 1 1 1 1 1 2 2 2 1 1 1 1 1 1 1 1 1 2 1 1 1 1 1 1 1 1 1 1 1 1 1 1 1 1 1 1 1 1 1 1 1 1 1 2 1 2 1
Y38H8A.5 1 1 1 1 1 1 1 1 1 1 1 1 1 1 1 1 1 1 1 1 1 1 1 1 1 1 1 1 1 1 1 1 1 1 1 1 1 1 1 1 1 1 1 1 1 2 1
Y39A1C.3.2 2 1 2 1 2 1 1 2 2 1 2 1 1 2 2 1 2 2 1 1 2 2 2 1 1 1 1 1 2 1 2 1 1 1 1 1 1 1 2 1 1 2 1 1 1 1 1
Y39B6A.25 1 2 1 1 1 2 1 2 1 1 1 1 1 2 1 2 2 2 2 1 1 1 1 1 1 1 1 1 2 2 2 1 1 2 2 1 2 2 1 1 1 1 2 2 1 2 1
Y39G10AR.17 1 1 1 1 1 1 1 2 2 2 1 1 1 1 1 1 1 1 1 1 1 1 1 1 1 1 2 1 1 1 1 2 2 1 1 1 1 1 1 1 1 1 1 1 1 1 1
Y40A1A.4 1 1 1 1 1 1 1 1 1 1 1 1 2 1 1 1 1 1 1 1 1 1 1 1 2 2 1 2 2 2 1 1 1 2 2 2 1 1 2 2 2 2 1 2 1 2 1
Y43F8B.8 1 1 1 1 1 1 1 1 1 1 1 1 1 1 1 1 1 1 1 1 1 1 1 1 2 2 1 2 2 1 1 1 1 2 1 2 1 1 1 2 2 1 1 1 1 1 1
Y43F8B.9 1 1 1 1 1 1 1 1 1 1 1 1 1 1 1 1 1 1 1 1 1 1 1 1 1 1 1 1 1 1 1 1 1 1 1 1 1 1 1 1 1 1 1 1 1 2 1
Y46G5A.13 2 1 2 2 2 2 1 1 1 2 2 2 1 1 1 1 1 1 1 1 1 1 1 1 2 2 2 2 2 2 2 2 2 2 2 2 1 1 1 1 1 1 1 1 1 2 2
Y46G5A.7 1 1 1 1 2 1 1 2 1 2 2 1 1 1 1 1 1 1 1 1 1 1 1 1 2 2 2 2 2 2 1 2 2 2 2 2 1 1 1 1 2 1 1 1 1 1 1
Y47A7.2 1 1 1 1 1 1 1 1 1 1 1 1 1 1 1 1 1 1 1 1 1 1 1 1 1 1 1 1 1 1 1 1 1 1 1 1 1 1 1 1 1 1 1 1 1 1 2
Y47D3B.5b 1 2 2 1 2 2 1 2 1 1 1 1 2 1 1 1 1 1 1 1 2 1 1 1 1 2 1 1 1 1 1 2 1 1 2 1 2 1 1 1 1 2 2 2 1 1 2
Y47H10A.1 2 2 2 1 1 1 1 1 1 1 1 1 1 1 1 1 1 1 1 1 1 1 1 2 1 1 1 1 1 1 1 1 1 1 1 1 1 2 1 1 1 1 1 1 1 1 1
Y47H10A.5 1 1 1 1 1 1 1 1 1 1 1 1 1 1 1 1 1 1 1 1 1 1 1 1 1 1 1 1 2 2 1 1 1 2 2 1 1 1 1 1 1 1 1 1 1 2 2
Y48B6A.10 2 2 1 1 1 1 1 1 1 1 1 1 1 1 1 1 1 1 2 2 2 1 1 1 1 1 1 1 1 1 1 1 1 1 1 1 1 1 1 1 1 1 1 1 1 1 1
Y48B6A.2.1 1 2 1 2 2 2 2 1 1 2 1 1 1 1 1 1 1 1 1 1 1 1 1 1 2 2 2 2 2 2 2 2 2 2 2 2 2 2 2 1 2 2 2 2 1 2 2
Y48C3A.16 1 1 2 2 2 2 2 1 1 1 1 1 2 2 2 1 1 2 2 1 1 1 1 1 1 1 2 1 1 1 2 1 2 1 1 1 1 1 1 1 1 1 1 1 1 1 1
Y48E1B.11 1 1 1 1 2 2 1 2 2 2 2 1 1 2 2 1 1 2 1 2 2 2 2 2 2 2 1 2 2 2 1 1 1 2 2 1 2 2 1 1 2 1 1 1 2 1 2
Y48G8AL.6 1 2 1 2 1 1 1 1 2 1 2 2 2 1 1 1 2 1 1 1 2 2 1 1 1 1 1 1 1 1 1 1 1 1 1 1 1 1 1 1 1 1 1 1 1 1 1
Y48G9A.7 1 1 1 1 1 1 1 1 2 1 1 1 1 1 1 1 1 1 1 1 1 1 1 1 1 1 1 1 1 1 1 1 1 1 1 1 1 1 1 1 1 1 1 1 1 1 1
Y49F6A.5 1 1 1 1 1 1 1 2 2 2 1 1 2 2 1 1 1 1 2 2 2 1 1 1 1 1 1 1 1 1 1 1 1 1 2 1 1 1 1 1 1 1 1 1 2 2 1
Y49F6A.9 1 1 2 2 1 2 1 1 1 1 1 1 2 1 2 2 2 2 2 2 1 1 1 1 1 1 1 1 1 1 1 1 1 1 2 1 1 1 1 1 1 1 1 1 1 2 1
Y50D7A.1 2 2 2 2 1 1 1 1 1 1 1 1 2 2 2 2 2 2 2 2 2 2 2 2 2 2 1 2 2 1 2 2 2 2 2 2 2 2 2 2 2 2 2 2 2 2 2
Y50D7A.7 1 1 1 2 2 2 2 2 1 1 1 1 1 1 1 1 1 1 1 1 1 1 1 1 1 1 1 1 1 1 1 1 1 1 1 1 1 1 1 1 1 1 1 2 1 2 2
Y53F4B.17 1 1 1 1 1 1 1 2 2 2 2 2 1 1 1 2 1 1 1 2 2 2 2 2 1 1 1 2 1 2 1 1 1 1 2 2 1 2 1 1 1 1 1 1 1 1 1
Y53F4B.45 1 1 1 1 2 1 1 1 1 1 1 1 1 1 1 1 1 1 1 1 1 1 1 1 2 2 1 2 2 1 1 1 1 2 1 2 1 1 1 1 2 1 1 1 1 2 1
Y54F10AL.1a 2 1 2 1 1 1 2 1 1 2 1 2 1 1 1 1 2 1 2 1 2 1 1 1 2 2 1 2 2 2 2 2 2 2 2 2 1 2 1 1 1 1 1 1 1 2 2
Y54F10AM.1 1 1 1 2 2 1 2 2 1 1 1 1 1 1 1 1 1 1 1 1 1 1 1 1 1 1 1 1 1 1 1 1 1 1 2 1 1 2 1 1 2 1 2 1 1 1 2
Y54F10BM.12 1 1 1 1 1 1 1 1 1 1 1 1 1 1 1 1 1 2 1 1 1 1 1 1 1 1 1 1 1 1 1 1 1 1 1 1 1 1 1 1 1 1 1 1 1 1 1
Y54F10BM.15 1 1 1 1 2 1 1 1 1 1 1 1 1 1 1 1 1 1 1 1 1 1 1 1 2 2 1 2 2 1 1 1 1 2 1 2 1 1 1 1 2 1 1 1 1 1 1
Y54G2A.44 1 1 1 1 1 2 2 2 1 2 1 1 2 2 2 2 2 2 2 2 1 1 1 1 1 1 1 1 1 1 1 1 1 1 1 1 1 1 1 1 1 1 1 2 1 2 1
Y55F3AM.10 1 1 1 1 1 1 1 1 1 2 1 1 2 2 2 2 2 2 1 2 1 2 1 1 1 2 1 2 1 1 1 1 2 1 1 2 1 1 1 1 1 1 1 1 1 1 2
Y56A3A.7b 1 1 1 1 1 1 2 2 1 2 1 2 1 1 1 1 2 1 1 2 1 1 1 1 1 2 1 1 2 1 1 2 1 1 2 2 1 2 1 1 1 2 1 1 1 2 2
Y60A3A.15 1 1 1 1 1 1 1 1 1 1 1 1 2 1 2 2 1 1 1 2 1 2 2 2 1 1 2 1 2 1 1 2 1 1 2 1 1 1 1 1 2 1 2 1 1 2 1
Y62E10A.4a 1 1 1 1 1 1 1 1 1 1 1 2 1 1 1 1 1 1 1 1 1 1 1 1 2 2 2 2 2 2 1 2 2 1 2 2 2 2 1 1 2 1 1 1 1 1 1
Y66D12A.3 1 1 2 2 2 1 2 2 1 2 1 2 2 2 2 2 2 2 1 1 1 1 1 1 1 1 1 2 1 2 1 1 2 1 2 2 1 2 1 1 1 2 1 2 2 2 1
Y67D8A.3 1 1 1 1 2 2 1 2 2 2 2 1 1 1 1 1 1 1 1 1 1 1 1 1 1 1 1 1 1 1 1 1 1 2 1 1 1 1 1 1 1 1 1 1 1 1 1
Y69A2AR.31 2 2 2 2 2 1 1 1 1 1 1 1 1 1 1 1 1 1 1 1 1 1 1 1 1 2 2 1 2 2 2 2 2 2 2 2 1 2 1 1 1 1 1 2 1 1 2
Y71A12B.14 1 1 2 2 1 1 1 1 1 2 2 1 1 1 1 1 2 1 1 2 2 2 2 2 2 1 1 2 2 2 1 1 2 1 2 2 2 1 1 1 2 1 1 1 1 1 1
Y71A12B.15 1 1 1 1 1 1 1 1 1 1 1 1 1 1 1 1 1 1 1 1 1 1 1 1 1 1 1 1 1 1 1 1 1 1 1 1 1 1 1 1 1 1 1 2 1 2 1
Y71A12B.32 2 2 2 2 2 1 2 2 2 1 1 1 1 2 2 2 1 2 2 1 1 1 1 1 1 1 1 1 2 2 1 2 1 2 1 1 1 1 2 2 1 2 2 2 1 2 2
Y71A12B.4 1 1 1 1 1 1 1 2 1 2 2 2 1 1 1 1 2 2 1 2 2 2 2 1 1 2 2 2 1 2 2 2 2 2 2 2 1 2 1 1 1 1 1 1 2 1 1
Y71F9AL.5 1 1 1 1 1 1 1 1 1 1 1 1 1 1 1 1 1 1 1 1 1 1 1 1 1 1 1 1 1 1 2 1 1 1 2 2 1 1 1 1 1 1 1 1 1 1 1
Y71H2AL.1 1 1 1 1 1 1 1 2 2 2 2 1 1 1 1 2 2 2 1 2 2 2 2 2 1 2 2 2 2 2 2 2 2 1 2 2 1 1 1 1 2 1 1 2 1 1 2
Y71H2AM.12 1 1 1 1 1 1 1 1 1 1 1 1 1 1 1 1 1 1 1 1 1 1 1 1 1 1 1 1 1 1 1 1 1 1 1 1 1 1 1 1 1 1 1 1 1 1 2
Y71H2AM.16 1 1 1 1 1 1 1 1 1 2 2 1 1 1 1 1 1 1 1 1 1 1 1 1 1 2 2 1 2 1 2 2 2 2 1 2 1 1 1 1 1 1 1 1 1 1 1
Y73B6BL.16 2 2 2 2 2 2 2 1 1 1 1 1 1 1 2 2 2 1 1 1 1 1 1 1 1 1 1 1 1 2 1 1 1 2 1 2 1 1 2 2 1 1 2 2 1 2 2
Y73B6BL.34 2 1 1 1 1 1 2 1 1 2 1 1 1 1 2 2 2 1 1 2 1 1 1 2 1 2 1 1 2 1 1 2 1 2 2 1 1 1 1 1 1 1 2 2 1 2 2
Y73F8A.31 2 2 1 1 1 2 1 2 1 1 2 1 2 2 2 2 1 1 1 1 1 1 1 1 1 2 1 2 2 1 2 2 2 2 2 2 2 1 1 1 2 2 2 1 2 2 2
Y75B12B.16 1 1 1 1 1 1 1 1 1 2 1 1 1 1 1 1 1 1 1 1 1 1 1 1 2 1 2 1 1 1 1 1 2 1 2 1 1 1 1 1 1 1 1 2 1 1 2
Y75B12B.4 1 1 1 1 1 1 1 1 1 2 2 2 1 1 1 1 1 1 2 1 1 1 1 1 2 2 2 2 2 1 2 2 2 2 2 2 1 1 1 1 1 1 1 2 1 1 2
Y76A2B.3 1 1 1 1 1 1 1 1 1 2 1 1 1 1 1 1 1 1 1 2 1 2 1 1 1 1 2 2 1 2 1 1 1 1 2 2 2 2 1 1 2 2 1 2 2 2 2
Y82E9BR.22 1 2 1 1 2 1 1 2 1 2 2 2 1 1 1 2 1 1 2 2 1 2 2 2 2 2 2 2 2 1 1 2 2 2 2 2 1 1 1 1 1 1 1 1 1 1 1
Y87G2A.16 1 1 2 2 2 1 1 1 1 1 1 1 1 1 1 1 1 1 1 1 1 1 1 1 1 1 1 1 1 1 1 1 1 1 1 1 1 1 1 1 1 2 1 1 1 2 2
Y87G2A.9 2 2 2 2 2 1 1 1 1 1 2 2 2 2 1 2 2 1 1 1 2 1 1 2 2 1 2 1 1 1 2 1 1 1 1 1 2 2 2 2 1 2 2 2 2 1 2
Y94H6A.4 1 1 1 2 2 1 1 2 1 2 1 1 1 1 1 1 1 1 1 1 1 1 1 1 2 2 2 2 2 2 1 2 2 2 2 2 2 2 1 1 1 2 1 2 2 1 1
Y95B8A.1 1 1 1 1 1 1 1 1 1 1 1 1 1 1 1 1 1 1 1 1 1 1 1 1 1 1 1 1 1 1 1 1 1 1 1 1 1 2 1 1 1 1 1 2 1 1 1
Y95B8A.4 1 1 1 2 2 2 1 1 1 2 1 2 2 1 1 1 2 1 1 2 2 2 2 1 1 2 1 2 1 2 1 1 1 2 2 1 1 2 1 1 2 2 1 2 2 2 2
ZC123.4c 1 1 1 1 1 1 1 2 2 2 1 1 1 1 1 1 1 1 1 1 1 1 1 2 2 2 2 2 2 2 1 2 1 1 2 2 1 2 1 2 2 2 1 1 2 1 1
ZC190.7 1 1 1 1 1 1 1 1 1 1 1 1 1 1 1 1 1 1 1 1 1 1 1 1 1 1 1 1 1 1 1 1 1 1 1 1 1 1 1 1 1 1 1 1 1 1 2
ZC190.8 1 1 1 1 1 1 1 1 1 1 1 1 1 1 1 1 1 1 1 1 1 1 1 1 1 1 1 1 1 1 1 1 1 1 1 1 1 1 1 1 1 1 1 1 1 1 2
ZC204.2 2 2 1 1 1 2 2 2 1 1 1 1 1 1 1 1 1 1 2 1 1 1 1 1 1 2 1 1 1 2 1 1 1 1 1 1 1 1 2 1 1 2 1 1 1 2 1
ZC317.6 2 1 2 1 1 1 1 1 2 2 1 2 2 1 1 1 1 1 1 1 1 1 1 1 2 1 1 2 1 2 1 1 2 1 1 2 1 1 1 1 1 1 1 1 1 2 1
ZC317.7 2 2 2 1 2 2 1 1 2 2 2 2 2 1 1 1 1 1 1 1 1 1 1 1 1 2 2 2 1 2 1 2 1 2 1 2 1 1 1 1 1 1 2 1 1 1 2
ZC328.2 1 1 1 1 1 1 1 1 1 1 1 1 1 1 1 1 1 1 1 1 1 1 1 1 1 1 1 1 2 1 1 1 1 1 1 1 1 1 1 1 1 1 1 2 1 2 2
ZC328.5 1 1 1 1 1 1 1 1 1 1 1 1 1 1 1 1 1 1 1 1 1 1 1 1 1 1 1 1 1 1 1 1 1 1 1 1 1 1 1 1 1 1 1 2 1 1 1
ZC416.1 1 1 1 1 1 1 1 2 1 2 2 2 2 2 2 2 1 2 2 2 2 2 2 2 1 1 1 1 1 2 1 1 1 1 2 1 1 1 1 1 1 2 1 1 2 1 1
ZK1010.5 1 1 1 1 1 1 1 2 2 1 1 1 1 1 1 1 1 1 1 1 1 1 1 1 1 1 1 1 1 1 1 1 1 1 1 1 1 1 1 1 1 1 1 1 1 1 1
ZK1098.11 1 1 1 1 1 1 1 1 1 1 2 2 1 1 1 1 1 1 1 1 1 1 1 1 1 2 2 2 1 1 1 1 1 1 1 1 1 1 1 1 1 1 1 1 1 1 1
ZK1098.6 1 1 1 1 1 1 1 1 1 1 1 1 2 1 2 2 1 1 1 2 1 1 1 1 1 2 2 1 1 1 1 1 1 1 1 2 1 1 1 2 1 1 1 1 1 1 1
ZK154.7 1 2 1 1 1 1 2 1 1 1 1 1 1 2 2 2 2 2 2 2 2 1 1 1 1 1 1 1 1 1 1 1 1 1 1 1 1 1 1 1 1 1 2 1 1 2 1
ZK185.9 1 1 1 1 1 1 2 2 1 2 2 2 1 1 1 2 1 1 1 1 1 2 2 2 1 2 2 2 2 1 1 1 1 1 1 2 1 1 1 1 1 1 1 1 1 1 2
ZK520.2 1 2 1 2 1 1 1 1 1 1 1 1 2 1 2 2 2 2 2 1 2 1 1 1 1 1 1 1 1 1 1 1 1 1 1 1 2 1 1 1 1 1 1 1 1 1 1
ZK6.12 1 1 1 1 1 1 2 2 1 1 1 1 1 1 2 2 1 2 2 2 2 2 1 1 1 1 1 1 2 1 1 1 1 1 2 1 1 1 1 1 1 2 2 1 1 2 1
ZK637.1 1 1 1 1 1 1 1 1 1 1 1 1 1 1 1 1 1 1 1 1 1 1 1 1 2 2 2 2 2 1 2 2 2 2 1 2 1 1 1 1 1 1 1 2 1 1 1
ZK662.3b 1 1 1 2 2 2 2 2 1 1 1 1 1 1 2 2 2 2 2 2 1 1 1 1 1 1 1 1 1 1 1 1 1 1 2 1 1 1 1 1 1 1 2 1 2 2 1
ZK662.4.2 2 2 2 1 1 2 2 2 2 2 2 2 2 2 2 2 2 1 2 2 2 2 2 2 1 1 1 1 1 2 1 2 1 1 1 1 2 2 1 1 2 2 2 1 2 1 1
ZK686.6 1 1 1 1 1 1 1 2 1 2 2 1 1 1 1 1 1 1 1 2 2 2 2 2 1 2 1 1 1 1 1 1 1 1 1 1 1 1 1 1 1 1 1 2 1 2 2
ZK742.6 1 1 1 1 1 1 1 2 2 2 2 2 1 1 1 1 1 1 1 2 1 1 2 2 2 2 2 2 1 1 1 2 2 1 2 2 1 2 1 1 1 1 1 1 1 1 1
ZK849.1 1 1 1 1 1 2 1 1 1 1 1 1 2 2 1 1 2 1 1 1 1 1 1 1 1 1 1 1 1 2 1 1 1 1 1 1 1 1 1 1 1 1 2 1 1 2 2
ZK856.5 2 1 2 2 2 2 1 1 1 1 1 1 2 2 1 2 2 2 2 2 2 1 1 1 1 1 1 1 1 1 1 1 1 1 2 1 2 1 1 1 1 1 2 2 1 2 1
