A25 B25 C25 D25 F25 G25 H25 I25 J25 K25 L25 PMA A100 B100 C100 D100 F100 G100 H100 I100 J100 K100 L100 median
3R5.1a 2 2 2 2 2 1 2 2 1 2 2 2 1 1 1 1 1 1 1 1 1 1 1 1
AC3.5b 1 1 1 1 1 1 1 1 1 1 1 1 1 1 1 1 1 1 1 2 1 1 1 1
B0001.5 2 2 2 2 2 2 2 2 2 2 2 2 2 1 2 2 2 2 2 1 2 2 1 2
B0035.7 1 1 1 2 1 1 1 1 1 2 1 1 1 1 1 1 1 1 1 1 1 1 1 1
B0261.8 2 1 2 2 2 1 2 1 1 1 2 2 2 1 1 1 2 1 1 1 2 2 2 2
B0280.15 1 1 1 1 1 1 1 1 1 1 1 1 2 1 2 1 1 1 1 1 1 1 1 1
B0284.2 1 1 1 1 1 1 1 1 1 1 1 1 1 1 1 1 1 1 1 1 1 1 2 1
B0285.7 1 2 2 2 2 2 2 2 2 2 2 2 2 2 1 1 2 2 1 2 2 1 1 2
B0348.5a 1 1 1 1 1 1 1 1 1 1 1 1 1 1 1 1 1 1 1 1 1 1 1 1
B0350.2g.2 1 1 1 1 1 1 1 1 1 1 1 1 1 1 2 1 1 1 1 1 1 1 1 1
B0416.6 1 1 1 1 1 1 1 1 1 1 1 1 1 1 1 1 1 1 1 2 1 1 1 1
B0454.9 1 1 1 1 1 2 2 1 1 1 1 1 1 1 1 1 1 2 1 1 1 2 1 1
B0457.4 1 1 1 1 1 1 1 1 1 1 1 1 1 1 1 1 1 1 1 1 1 2 1 1
B0511.11 1 1 1 1 1 1 1 1 1 1 1 1 1 1 1 1 1 1 1 2 1 1 1 1
B0511.3 1 1 1 1 2 1 1 1 1 1 1 1 1 1 1 1 1 1 1 1 1 1 1 1
B0511.4 1 1 1 1 2 1 1 1 1 1 1 1 1 1 1 1 1 1 1 1 1 2 1 1
B0511.5 1 1 1 1 1 1 1 1 1 1 1 1 1 1 1 1 1 1 1 2 1 1 1 1
B0513.4a 1 1 1 2 1 1 2 1 1 1 1 1 1 1 2 1 2 1 1 1 1 2 1 1
B0554.7a 1 1 1 2 2 2 2 2 2 1 2 2 1 1 2 1 1 1 2 1 1 1 1 1
C01B7.6 1 1 1 1 1 1 1 1 1 1 1 1 1 1 2 1 1 1 1 1 1 1 1 1
C01B9.1b 1 1 1 1 1 1 1 1 1 1 1 1 1 1 2 1 1 1 1 1 1 1 1 1
C02F5.10 1 1 2 1 1 1 1 1 1 1 1 1 2 1 1 1 1 1 1 2 1 1 1 1
C03D6.1 1 1 1 1 1 1 1 1 1 1 1 2 1 2 1 1 1 1 1 2 1 2 2 1
C03E10.3 1 1 2 1 1 1 1 1 1 1 1 1 1 1 1 1 1 1 1 1 1 1 1 1
C03G6.12 2 2 2 2 2 2 2 2 1 2 2 2 2 1 1 1 2 2 2 2 2 1 1 2
C04F6.1 1 1 1 1 2 1 1 1 1 2 2 1 1 1 2 1 1 1 1 1 2 2 2 1
C05D11.13 1 1 1 1 1 1 1 1 1 1 1 1 1 1 1 1 1 1 1 2 1 1 1 1
C05D2.8 2 2 1 2 1 2 1 2 2 1 2 2 2 2 1 1 1 1 1 2 2 1 1 2
C06A1.3 1 1 1 1 1 2 1 1 1 1 2 1 2 1 2 1 2 1 2 2 1 2 2 1
C06A5.12 1 2 2 1 2 1 2 2 2 1 2 1 2 1 1 1 1 1 1 1 1 1 1 1
C06B8.7 1 1 1 1 1 2 1 1 1 1 1 1 1 1 2 1 1 1 2 2 1 2 1 1
C06E4.5 1 1 1 1 1 1 1 1 1 1 1 1 1 1 1 1 1 1 1 2 1 2 2 1
C06H2.4 1 1 1 1 1 1 1 1 1 1 1 1 1 1 1 1 1 1 1 2 1 1 1 1
C07G1.6 1 1 1 1 1 1 1 1 1 1 1 1 1 1 1 1 1 1 1 2 1 1 1 1
C07G1.7 1 1 1 1 1 1 1 1 1 1 1 1 1 1 1 1 1 1 1 2 1 2 1 1
C07G3.9.2 1 2 1 1 1 1 1 1 1 1 1 1 1 1 1 1 1 1 1 1 1 1 1 1
C08B11.4 1 1 1 1 1 1 1 1 1 1 1 1 1 1 1 1 1 1 1 2 1 1 1 1
C08E3.2 1 1 1 1 1 1 1 1 1 1 1 1 1 1 1 1 1 1 1 2 1 1 1 1
C08E3.6 1 1 1 1 1 1 1 1 1 1 1 1 1 1 1 1 1 1 1 2 2 1 1 1
C08E8.7 1 1 1 1 1 1 1 1 1 1 1 1 1 1 1 1 1 1 1 1 1 1 2 1
C08F11.7 2 2 2 2 2 2 2 2 2 2 2 2 1 1 1 1 2 1 1 1 1 1 1 2
C09G5.7 2 2 2 2 2 2 1 2 2 2 2 2 2 2 1 1 2 2 1 2 1 2 1 2
C13B9.1 2 1 2 2 2 2 2 2 2 2 2 2 2 2 2 2 2 2 2 1 2 1 1 2
C14F5.3d 1 1 1 1 1 1 1 1 1 1 1 1 1 1 2 1 1 1 1 1 1 1 1 1
C15B12.1 1 1 1 1 1 1 1 1 1 1 1 1 1 1 2 1 1 1 1 1 1 1 1 1
C16C10.11.1 2 2 1 2 2 2 2 2 1 1 2 2 2 1 1 1 1 1 1 1 1 1 1 1
C16C8.20 2 1 2 1 2 1 2 2 1 2 1 1 1 1 1 2 1 1 1 1 2 1 1 1
C16C8.21 2 1 2 1 2 2 2 2 1 2 2 1 1 1 1 2 1 1 1 2 2 1 1 1
C17F4.7 1 1 1 1 1 1 1 1 1 1 1 1 1 1 2 1 1 1 1 1 1 2 1 1
C18C4.17 1 1 1 1 1 1 1 1 1 1 1 1 1 1 2 1 1 1 1 1 1 1 1 1
C18D4.2a 1 1 1 1 1 1 1 1 1 1 1 1 1 1 1 1 1 1 1 2 1 1 1 1
C18D4.6c 1 2 2 2 2 2 2 2 2 2 2 2 1 1 1 1 1 1 1 1 1 1 2 2
C24H10.4 1 2 1 2 2 2 2 2 2 2 2 2 1 1 1 1 1 1 1 1 1 1 1 1
C24H12.6 1 1 1 1 1 1 1 1 1 1 1 1 1 1 1 1 1 1 1 1 1 2 2 1
C25D7.15a 1 1 1 1 1 1 1 1 1 1 1 1 1 2 1 1 1 1 1 2 1 2 1 1
C26C6.3 1 1 1 1 1 1 1 1 1 1 1 1 1 1 1 1 1 1 1 2 1 1 1 1
C27D8.1 1 1 1 1 1 2 1 1 1 1 1 1 1 1 1 1 1 1 1 1 1 1 1 1
C27D8.2 1 1 1 1 1 2 1 1 1 1 1 1 1 1 1 1 1 2 1 1 1 1 1 1
C27D8.3b 2 2 2 2 2 1 1 2 2 1 2 2 2 2 1 2 2 1 2 2 2 1 1 2
C27H5.2d 1 1 1 1 1 1 1 1 1 1 1 1 1 1 1 1 1 1 1 2 1 1 1 1
C28A5.4 1 1 2 1 1 2 1 1 2 1 1 1 1 2 1 1 1 1 1 1 1 1 2 1
C28A5.6 1 1 1 1 1 1 1 2 2 1 1 1 1 2 1 1 1 2 1 1 2 1 1 1
C28C12.1c 2 2 2 2 1 2 1 1 1 1 2 2 1 2 1 1 1 1 1 2 1 1 2 1
C28F5.1 1 1 1 1 1 1 1 1 1 1 1 1 1 1 1 1 1 1 1 1 1 2 1 1
C30F12.5a.2 1 1 1 1 1 1 1 1 1 1 1 1 1 2 1 1 1 1 1 1 1 1 1 1
C30G12.2 1 1 1 1 1 1 1 1 1 1 1 1 1 1 2 1 1 1 1 1 1 1 1 1
C30G12.6a 1 1 1 1 1 1 1 1 1 1 1 1 2 1 1 1 1 1 1 1 1 1 1 1
C30G7.3 1 1 1 1 1 1 1 1 1 1 1 1 1 1 1 1 1 1 1 2 1 1 1 1
C34C12.6 1 1 1 1 1 1 1 1 1 1 1 1 1 1 1 1 1 1 1 2 1 1 1 1
C34C12.9 2 2 1 2 1 1 1 1 1 1 2 1 1 2 1 1 1 1 1 1 1 1 1 1
C34D4.1 1 1 1 1 1 1 1 1 1 1 1 1 1 1 1 1 1 1 1 2 1 1 1 1
C35B1.5 1 2 2 2 2 1 2 2 2 2 2 2 1 1 1 2 2 2 1 2 2 2 2 2
C35C5.1 1 1 1 1 1 1 1 1 1 1 1 1 1 1 2 1 1 1 1 1 1 2 1 1
C36B1.9 1 1 1 1 1 1 1 1 1 1 1 1 1 1 1 1 1 1 1 2 1 1 1 1
C36B7.6 1 1 1 1 1 2 1 1 1 1 2 1 2 1 2 2 2 2 2 2 2 2 1 1
C36C9.3 1 1 1 1 1 2 1 1 1 1 1 1 1 1 2 1 1 1 2 1 2 2 1 1
C36F7.1 1 1 2 1 1 1 1 1 1 1 1 2 1 1 1 1 1 1 1 1 1 2 1 1
C36F7.5 1 1 1 1 1 1 1 1 1 1 1 1 1 1 1 1 1 1 1 1 1 1 2 1
C37A5.9 1 2 2 2 1 2 1 2 1 1 2 1 1 1 1 2 2 2 1 1 2 2 2 2
C38D9.1 1 1 1 1 1 1 1 1 1 1 1 1 1 1 1 1 1 1 1 2 1 1 1 1
C38D9.3 1 1 1 1 1 1 1 1 1 1 1 1 1 1 1 1 1 1 1 2 1 1 1 1
C38H2.3 2 2 2 2 2 1 1 1 2 1 1 2 1 1 1 1 2 1 1 1 1 1 1 1
C39B5.3 2 2 1 2 2 2 1 1 1 2 2 2 1 1 1 2 2 2 1 1 1 2 2 2
C40A11.7 1 1 1 1 1 1 1 1 1 1 1 1 1 1 1 1 1 1 1 2 1 1 2 1
C41C4.1 1 1 1 1 1 1 1 1 1 1 1 1 1 1 1 1 1 1 1 2 1 1 1 1
C42D4.19 1 1 1 1 1 1 1 1 1 1 1 1 1 1 1 1 1 1 1 1 1 1 2 1
C43D7.10 1 1 1 1 2 2 1 1 1 2 1 1 2 1 1 2 1 2 2 2 1 2 1 1
C43D7.11 1 1 1 1 2 1 1 1 1 2 2 1 2 1 1 1 1 2 1 1 1 2 1 1
C44B7.11 1 1 1 1 1 1 1 1 1 1 1 1 1 1 1 1 1 1 1 2 1 1 1 1
C44H9.4 1 1 1 1 1 1 1 1 1 1 1 1 1 1 2 1 1 1 1 1 1 1 1 1
C45E1.1a 1 2 1 1 1 2 1 1 2 1 1 1 2 2 1 1 2 2 1 2 1 1 1 1
C45G7.13 1 1 1 1 1 1 1 1 1 1 1 1 1 1 1 1 1 1 1 1 1 1 2 1
C46A5.8 2 1 2 2 2 1 2 1 1 1 1 1 1 2 1 1 1 1 1 2 2 1 2 1
C46F11.6 1 2 1 2 1 1 1 1 1 1 2 1 2 1 1 1 1 1 1 1 2 1 2 1
C46G7.3 1 1 1 1 1 1 1 1 1 1 1 1 1 1 2 1 1 1 2 2 1 2 2 1
C47B2.8 1 2 2 2 2 2 1 2 2 2 2 2 2 2 1 2 2 1 1 2 2 1 1 2
C48B6.9 1 1 1 1 1 1 1 1 1 2 1 1 1 1 1 1 1 1 1 1 1 1 1 1
C48D1.6 2 2 1 1 1 2 1 1 1 1 1 1 1 1 1 1 1 1 1 1 1 1 1 1
C49F5.1.3 1 1 1 1 1 1 1 1 1 1 1 1 1 1 2 1 1 1 1 1 1 2 1 1
C49G7.11 1 1 1 1 1 1 1 1 1 1 2 1 1 1 1 1 1 1 1 1 1 1 1 1
C53C7.5b 1 1 1 1 1 1 1 1 1 1 1 1 1 1 2 1 1 1 1 1 1 1 1 1
C54E10.1 1 1 1 1 1 1 1 1 1 1 1 1 1 1 1 1 1 1 1 2 1 2 1 1
C55C3.3 1 1 2 1 2 1 1 1 1 2 2 2 1 2 1 1 1 2 1 1 1 2 2 1
C55C3.7 1 2 1 1 1 1 1 1 1 1 1 1 1 1 1 1 1 1 1 1 1 1 1 1
C56G7.3c 2 1 1 1 2 2 1 1 2 2 2 1 1 2 1 1 1 1 1 1 1 1 1 1
D1005.3 1 1 1 1 2 2 2 2 1 2 2 2 1 1 2 1 2 1 2 1 2 1 2 2
D1037.3 1 1 1 1 1 1 1 1 1 1 1 1 1 1 2 1 1 1 1 1 1 1 1 1
D1054.5 1 1 1 1 1 1 1 1 1 1 1 1 1 1 1 1 1 1 1 2 1 1 1 1
D2024.1 1 1 1 1 1 1 1 1 1 1 1 1 1 1 1 1 1 1 1 1 1 1 2 1
D2024.18 1 1 1 1 1 1 1 1 1 1 1 1 1 1 1 1 1 1 1 1 1 1 2 1
D2085.1 1 1 1 1 1 1 1 1 1 1 1 1 1 1 2 1 1 1 1 1 1 1 1 1
F01D4.2 1 1 1 1 1 1 1 1 1 1 1 1 1 1 2 1 1 1 1 1 1 2 1 1
F01F1.3 1 1 1 1 1 1 1 1 1 1 1 1 1 2 1 1 1 1 1 2 2 1 1 1
F07A11.1 1 1 1 1 1 1 1 1 1 1 1 1 1 1 1 1 1 1 1 2 1 1 1 1
F07B7.12 1 1 1 1 1 1 1 1 1 1 1 1 1 1 1 1 1 1 1 2 1 1 1 1
F07D10.1 1 2 1 1 2 1 2 2 1 1 2 2 1 2 1 1 1 1 1 1 1 2 1 1
F07G6.7 2 2 1 2 2 1 1 1 1 2 1 2 1 1 1 1 2 1 1 1 1 1 2 1
F07H5.5b 1 1 1 1 1 1 1 1 1 1 1 1 1 1 2 1 1 1 1 1 1 1 1 1
F08A8.2 1 1 1 1 1 1 1 1 1 1 1 1 1 1 2 1 1 1 1 1 1 1 1 1
F08F8.3a 1 1 1 1 1 1 1 1 1 1 1 1 1 1 1 1 1 1 1 2 1 1 1 1
F08G12.4 1 1 1 1 1 2 1 1 1 1 1 1 2 1 1 1 1 1 2 2 1 1 1 1
F08G5.3d 1 1 1 1 1 1 1 1 1 1 2 1 1 1 2 1 1 1 1 2 1 2 1 1
F09B12.3 1 1 1 1 1 1 1 1 1 1 1 1 1 1 2 1 1 1 1 1 1 1 1 1
F11A5.18 1 1 1 1 1 1 1 1 1 1 1 1 1 1 1 1 1 1 1 2 2 1 1 1
F13B12.7 1 1 1 1 2 1 1 1 1 1 1 1 1 1 1 1 1 1 1 1 1 2 2 1
F13H8.7 1 1 1 1 1 1 1 1 1 1 1 1 1 1 1 1 1 1 1 2 1 1 1 1
F13H8.8 1 1 1 1 1 1 1 1 1 1 1 1 1 1 1 1 1 1 1 2 1 1 1 1
F14F4.3b 1 1 1 1 1 1 1 1 1 1 1 1 1 1 1 1 1 1 1 2 2 1 1 1
F16B4.6a 2 2 2 2 2 2 2 2 2 2 2 2 1 1 1 1 1 1 1 1 1 1 1 2
F17B5.1a 2 1 2 1 1 2 2 2 2 2 1 2 2 2 1 1 1 1 1 1 2 1 1 1
F19H6.5 2 2 1 2 2 2 2 2 2 2 2 2 2 1 1 1 2 1 1 2 1 1 1 2
F20D1.1 1 1 1 1 1 1 1 1 1 1 1 1 1 1 1 1 1 2 1 1 1 2 1 1
F21D5.4 1 1 1 1 1 1 1 1 1 1 1 1 1 1 1 1 1 1 1 2 1 1 1 1
F21D9.7 1 1 1 1 1 1 1 1 1 1 1 1 1 1 1 1 1 2 1 2 1 2 1 1
F22B7.9 1 1 1 1 1 2 1 1 1 1 2 1 1 2 2 1 1 1 1 2 1 2 1 1
F22F1.2 1 1 1 1 1 1 1 1 2 1 1 1 1 1 1 1 1 1 1 1 1 1 1 1
F22H10.10 1 1 1 1 1 1 1 1 1 1 1 1 1 1 1 1 1 1 1 1 1 1 2 1
F23A7.7 2 1 2 2 2 2 2 2 2 2 2 2 2 2 2 2 2 2 2 1 2 1 1 2
F23B12.4c.2 1 2 2 1 1 1 1 2 2 1 1 1 1 2 1 1 1 1 2 1 1 1 2 1
F23C8.8 1 2 2 2 1 1 1 2 1 1 1 2 2 2 1 1 1 1 2 2 2 2 1 1
F25G6.1 1 1 1 1 1 1 1 1 1 1 1 1 1 1 1 1 1 1 1 2 1 1 1 1
F26D10.9a 1 1 1 1 1 1 1 1 1 1 1 1 1 1 1 2 1 1 1 1 1 1 1 1
F28H7.3 1 1 1 1 1 1 1 1 1 1 1 1 1 1 2 1 1 1 1 1 1 1 1 1
F31C3.11 1 2 2 1 1 2 2 2 2 2 2 1 1 1 1 1 1 1 1 1 1 1 1 1
F31E9.6 2 2 2 2 2 2 2 2 2 2 2 2 1 1 2 1 1 1 1 1 1 1 2 2
F32A7.6 1 1 1 1 1 1 1 1 1 1 1 1 1 1 1 1 1 1 1 1 1 2 1 1
F32A7.7 1 1 1 1 1 1 1 1 1 1 1 1 1 1 1 1 1 1 2 2 2 2 2 1
F32D8.1 1 1 1 1 1 1 1 1 1 1 1 1 1 1 1 1 1 1 1 2 1 1 1 1
F33D11.8 2 2 2 2 2 1 1 1 1 1 2 2 1 2 1 1 1 1 1 1 1 1 1 1
F33E2.3 1 1 1 1 1 1 1 1 1 1 1 1 1 1 1 1 1 1 1 2 1 1 1 1
F33H12.1 1 1 1 1 1 1 1 1 1 1 1 1 1 1 1 1 1 1 1 2 1 2 1 1
F35C5.6 1 1 1 1 1 1 1 1 1 1 1 1 1 1 2 1 1 1 1 1 1 1 1 1
F35H10.5 2 2 1 1 1 2 1 1 2 2 1 2 1 1 1 1 1 1 1 1 1 1 1 1
F36A2.3 2 1 2 2 2 2 2 2 2 2 2 1 2 2 2 1 2 1 1 2 2 1 1 2
F36G9.4 2 2 2 2 2 1 1 1 2 1 2 2 1 1 1 1 2 1 1 2 1 1 1 1
F36H5.11 1 1 1 2 1 1 2 2 1 1 2 1 2 1 1 1 1 1 1 1 1 1 1 1
F37B4.2 1 1 1 1 1 1 1 1 1 1 1 1 1 1 2 1 1 1 1 1 1 1 1 1
F38A1.5 2 2 1 2 2 1 1 1 1 2 1 1 1 1 2 1 2 1 1 1 1 2 1 1
F39C12.1 1 1 1 1 1 2 1 1 1 1 2 1 1 1 2 1 1 1 2 1 1 2 1 1
F39D8.7 1 1 1 1 1 1 1 1 1 1 1 1 1 1 1 1 1 1 1 1 1 1 1 1
F39E9.6 1 1 1 1 2 1 1 1 1 1 1 1 1 1 1 1 1 1 1 1 1 2 1 1
F39G3.1 1 1 1 1 1 1 1 1 1 1 1 1 1 1 2 1 1 1 1 1 1 1 1 1
F40A3.5 2 2 2 2 2 2 1 2 2 2 2 2 1 1 1 1 1 1 1 1 1 1 1 1
F40D4.16 1 1 1 1 1 1 1 1 1 1 1 1 1 1 1 1 1 1 1 1 1 2 2 1
F40D4.17 1 1 2 1 1 1 2 2 1 1 2 1 1 1 2 1 1 1 1 1 1 1 1 1
F42C5.6 1 1 1 1 1 1 1 1 1 1 1 1 1 1 1 1 1 1 1 2 1 1 1 1
F42F12.3 2 2 2 2 2 2 2 2 2 2 2 2 1 1 2 1 2 2 1 1 1 1 1 2
F42G4.6 2 1 1 1 1 1 1 1 2 1 1 1 2 1 1 1 1 1 1 1 1 1 1 1
F42G4.7 1 1 2 2 2 2 1 2 2 1 1 2 1 1 1 1 1 1 1 1 1 1 1 1
F42G8.11 1 2 2 2 2 1 2 2 1 2 1 2 1 1 2 1 1 1 1 2 1 1 1 1
F42G8.4b.1 2 2 2 2 2 2 2 2 2 2 1 2 2 1 1 2 2 2 1 2 2 2 2 2
F42G8.5 1 2 1 1 1 1 1 2 1 1 1 1 1 1 1 1 1 1 1 1 1 1 1 1
F44G3.6.2 1 1 1 1 1 1 1 1 1 1 1 1 1 1 1 1 1 1 1 1 1 1 1 1
F45C12.8 1 1 1 1 1 2 1 1 1 1 1 1 1 1 1 1 1 2 2 2 2 2 1 1
F45H10.1b 2 2 2 2 2 1 2 2 2 2 1 1 1 1 1 1 1 1 1 1 1 1 1 1
F46C3.1 1 1 1 1 1 1 1 1 1 1 1 1 1 1 1 1 1 1 1 2 1 1 1 1
F46F5.3 1 1 1 1 1 2 1 1 1 1 1 1 1 1 1 1 1 1 1 1 1 1 1 1
F46F5.5 1 1 1 1 1 1 1 1 1 1 1 1 1 1 1 1 1 1 1 1 1 2 2 1
F47A4.2 1 1 1 1 1 1 1 1 1 1 1 1 1 1 2 1 1 1 1 1 1 1 1 1
F47A4.5 1 1 1 1 1 2 1 1 1 1 2 1 2 1 1 1 1 1 2 1 2 2 1 1
F47B8.6 1 1 1 1 1 1 1 1 1 1 1 1 1 1 1 1 1 1 1 1 2 1 1 1
F47B8.7 1 1 1 1 1 1 1 1 1 1 1 1 1 1 1 1 1 1 1 1 2 1 1 1
F47B8.8 1 1 1 1 1 1 1 1 1 1 1 1 1 1 1 1 1 1 1 1 2 1 1 1
F47F6.1b 1 1 1 1 1 1 1 1 1 1 1 1 1 1 2 1 1 1 1 1 1 1 1 1
F48E3.9 1 1 1 1 1 2 1 1 1 1 2 1 1 2 1 1 1 1 1 2 1 1 1 1
F49B2.3 2 2 1 2 2 2 1 2 2 2 1 2 1 1 2 2 2 2 1 1 1 1 2 2
F49C12.15 1 1 1 1 1 1 1 1 1 1 1 1 1 1 2 1 1 1 1 1 1 1 1 1
F49C5.4 1 1 1 1 1 1 1 1 1 2 1 1 1 1 1 1 1 2 1 2 1 2 1 1
F49E11.2 2 1 1 1 1 1 1 1 2 2 2 1 1 2 1 1 1 2 1 2 1 2 1 1
F49E7.1a 1 1 1 1 2 2 2 2 1 2 2 1 2 1 1 2 2 2 2 1 2 2 1 2
F52C9.1.2 1 1 1 2 1 1 1 1 1 1 1 1 1 1 1 2 1 1 1 1 1 1 1 1
F53A3.1 1 1 1 1 1 1 1 1 1 1 1 1 1 1 1 1 1 1 1 2 1 1 1 1
F53B6.2c 1 1 1 1 1 1 1 1 1 1 1 1 1 1 1 1 1 1 1 2 1 2 1 1
F53B6.6 1 1 1 1 1 1 1 1 1 1 1 1 1 1 2 1 1 1 1 2 1 2 1 1
F53B6.7 1 1 1 1 1 1 1 2 1 1 2 1 1 1 1 1 1 1 1 2 1 1 1 1
F54C9.4 1 1 2 2 2 1 1 2 2 2 2 2 2 2 1 2 2 1 2 2 2 1 1 2
F54D10.2 2 2 2 2 2 1 1 1 1 2 1 2 1 1 1 1 1 1 1 1 1 1 1 1
F54F7.6.2 1 1 1 1 1 2 1 1 1 1 2 1 1 1 1 1 1 1 2 2 2 2 1 1
F54F7.7 1 1 1 1 1 1 1 1 1 1 1 1 1 1 1 1 1 1 1 1 1 1 2 1
F55A4.4 2 2 2 2 2 2 1 1 1 2 2 2 1 1 1 1 2 1 1 1 1 1 1 1
F55C9.13 1 1 1 1 1 1 1 1 1 1 1 1 2 1 1 1 1 1 1 1 1 1 1 1
F55C9.14 1 1 1 1 1 1 1 1 1 1 1 1 2 1 1 1 1 1 1 1 1 1 1 1
F55C9.7 1 1 1 1 1 1 1 1 1 1 1 1 2 1 1 1 1 1 2 2 1 1 1 1
F55C9.8 1 1 2 1 2 2 1 1 1 1 2 1 2 1 1 1 1 2 1 2 1 2 1 1
F55G1.10 1 1 1 2 1 2 1 1 1 2 2 1 2 1 1 2 1 1 2 1 2 1 1 1
F55G11.8 1 1 1 1 1 1 1 1 1 1 1 1 1 1 2 1 1 1 1 1 1 1 1 1
F55H12.3 1 1 1 1 1 1 1 1 1 1 1 1 1 1 2 1 1 1 1 1 1 1 1 1
F56B3.2 2 2 2 2 2 2 2 2 2 2 2 2 1 1 1 2 1 1 1 1 1 1 1 2
F56D12.4a 1 2 2 2 2 2 2 2 2 1 2 2 2 2 1 2 2 2 1 1 1 2 1 2
F56D2.3 1 1 1 1 1 1 1 1 1 1 2 1 1 1 1 1 1 1 1 1 1 2 2 1
F56D6.15 1 1 1 1 2 2 2 1 2 2 2 1 1 2 1 1 2 2 2 1 2 1 1 1
F57G4.4 1 2 2 2 2 1 1 1 1 2 2 2 1 1 2 1 1 1 1 1 1 1 1 1
F57G4.8 1 2 2 2 2 2 1 2 2 2 2 2 1 1 2 1 1 1 2 1 1 1 1 2
F58B3.1 1 1 1 1 1 1 1 1 1 1 1 1 1 1 2 1 1 1 1 1 1 1 1 1
F58E1.13 1 1 1 1 1 2 1 1 1 1 1 1 1 1 1 2 2 2 2 2 2 2 1 1
F58E10.7 1 1 1 1 1 1 2 1 1 1 2 1 1 1 1 1 1 1 2 1 1 2 2 1
F58G6.3 1 1 1 1 1 1 1 1 1 1 1 1 1 1 1 1 1 1 1 2 1 1 1 1
F59A1.9 1 1 1 1 1 1 1 1 1 1 1 1 1 1 2 1 1 1 1 1 1 1 1 1
F59A7.7 1 1 1 2 1 1 1 1 1 1 1 1 1 1 1 1 1 1 1 1 1 1 1 1
F59E12.3 1 1 1 1 1 1 1 1 1 1 1 1 1 1 1 1 1 1 1 1 1 2 2 1
H05C05.4 1 2 1 2 1 1 1 1 1 2 1 2 1 2 1 1 1 1 1 1 1 1 1 1
H06O01.4 1 1 1 1 1 2 2 1 1 1 1 1 1 2 1 1 1 2 1 1 1 1 1 1
H14A12.5 1 1 1 2 1 1 1 1 1 1 1 1 1 1 1 1 1 1 1 1 1 1 1 1
H14E04.3 1 2 2 1 1 2 2 1 1 1 1 1 1 1 1 1 2 1 1 1 1 1 2 1
H19M22.2b 1 1 1 1 1 1 1 1 1 1 1 1 1 1 2 1 1 1 1 1 1 1 1 1
K01D12.1 1 1 1 1 1 1 1 1 1 1 1 1 2 1 1 1 1 1 1 2 1 2 1 1
K02C4.4 1 1 1 1 1 1 1 1 1 1 1 1 1 1 1 1 1 1 1 2 1 1 1 1
K06C4.17 1 1 1 1 1 1 1 1 1 1 1 1 1 1 1 1 1 1 1 2 1 1 1 1
K07E8.10 1 1 1 1 1 1 1 1 1 1 2 1 1 2 1 1 1 1 1 1 1 2 2 1
K07H8.6c 1 1 1 1 1 1 1 1 1 1 1 1 1 1 2 1 1 1 1 1 1 2 1 1
K08C9.7 1 1 1 1 1 1 1 1 1 1 1 1 1 1 1 1 1 1 1 1 1 1 2 1
K08D12.4 2 2 2 2 2 2 2 2 2 2 2 2 2 2 1 2 1 2 1 1 2 1 1 2
K08F8.6 1 1 1 1 1 1 1 1 1 1 1 1 1 1 2 1 1 1 1 1 1 1 1 1
K09A9.4 1 1 1 1 1 1 1 1 1 1 1 1 1 2 1 1 1 1 1 1 1 1 1 1
K09E3.6 1 1 1 1 1 1 1 1 1 1 1 1 1 1 1 1 1 1 1 2 1 1 1 1
K09F6.6 1 1 1 1 1 1 1 1 1 1 1 1 1 1 1 1 1 2 1 2 1 2 1 1
K09H9.8 1 1 1 1 1 1 1 1 1 1 1 1 1 1 1 1 1 1 1 2 1 1 1 1
K10B3.10b 1 1 1 1 1 1 1 1 1 1 1 1 1 1 2 1 1 1 1 1 1 1 1 1
K10D2.8 1 2 1 1 1 1 1 1 1 1 1 1 1 2 1 1 1 1 1 2 1 1 1 1
K10F12.4a 1 1 1 1 1 1 2 2 2 2 1 1 1 1 1 1 1 1 1 1 1 1 1 1
K10G9.2 1 2 1 1 1 2 1 1 1 1 1 1 1 2 1 1 2 1 1 1 1 1 2 1
K11C4.3c 1 1 1 1 1 1 1 1 1 1 1 1 1 1 2 1 1 1 1 1 1 1 1 1
K11D2.1b 2 2 2 2 2 2 2 2 2 2 1 2 1 1 1 2 1 1 2 1 2 1 1 2
K11D2.2.1 1 1 2 2 1 2 1 1 2 1 1 1 1 1 1 2 1 1 1 1 2 1 2 1
K12B6.9 1 1 1 1 1 1 1 1 1 1 1 1 1 1 2 1 1 1 1 1 1 1 1 1
M01E10.2a 1 1 1 1 1 1 1 1 1 1 1 1 1 1 1 1 1 1 1 1 1 1 2 1
M01E11.4c 1 2 1 1 1 2 2 1 1 2 2 1 2 2 1 2 2 1 1 2 1 2 2 2
M03A8.2 1 1 1 1 1 1 1 1 1 1 1 1 1 1 2 1 1 1 1 1 1 1 1 1
M04B2.6 1 1 1 1 1 1 1 1 1 1 1 1 1 1 1 1 1 1 1 2 1 1 1 1
M04B2.8 1 1 1 1 1 1 1 1 1 1 1 1 1 1 1 1 1 1 1 2 1 1 1 1
M04G12.2 1 1 1 1 1 1 1 1 1 1 1 1 1 1 2 1 1 1 1 1 1 1 1 1
R01H10.6 1 1 1 1 1 1 1 1 1 1 1 1 1 1 1 1 1 1 1 2 1 1 1 1
R02F2.2 1 1 1 1 1 1 1 1 1 1 1 1 1 1 1 1 1 1 1 2 1 2 1 1
R04B5.9 1 1 1 1 1 1 1 1 1 1 1 1 1 1 2 1 1 1 1 1 1 2 1 1
R06A10.1 1 1 1 1 1 1 1 1 1 1 1 1 1 1 1 1 1 1 1 1 1 1 2 1
R06C1.4 2 2 2 2 2 2 2 2 2 2 2 2 2 2 1 2 2 1 2 1 2 1 1 2
R07B1.10 1 1 1 1 1 1 1 1 1 1 1 1 1 1 2 1 1 1 1 1 1 1 1 1
R07E5.4 1 2 1 1 2 1 2 2 2 2 1 2 1 1 2 1 2 1 2 1 1 2 1 1
R07H5.4 1 1 1 1 1 1 1 1 1 1 1 1 1 1 1 1 1 1 1 2 1 1 1 1
R08E3.3b 1 1 1 1 1 2 1 1 1 1 2 1 2 1 1 1 1 1 2 2 2 2 1 1
R102.4e.4 1 1 1 1 1 1 1 1 1 1 1 1 1 1 1 1 1 1 1 2 1 1 1 1
R10E4.3 1 1 1 1 1 1 1 1 1 1 1 1 1 1 1 1 1 1 1 2 1 1 1 1
R10F2.1 1 1 1 1 1 1 1 1 1 1 2 1 1 1 1 1 2 2 1 2 1 1 1 1
R11E3.3 1 2 1 1 2 1 1 2 2 1 2 2 2 2 1 1 1 1 1 1 2 1 2 1
R12B2.1b.2 1 1 1 1 1 1 1 1 1 1 1 1 1 1 1 1 1 1 1 2 1 1 1 1
R151.1c 1 1 1 1 1 1 1 1 1 1 1 1 1 1 1 1 1 1 1 2 1 1 1 1
R186.1 1 1 1 1 1 1 1 1 1 1 1 1 1 1 1 1 1 1 1 2 1 1 1 1
T02B11.7 1 1 1 1 1 1 1 1 1 1 1 1 1 1 1 1 1 1 1 2 1 1 1 1
T02G5.4 2 2 2 2 2 2 2 2 2 2 2 2 2 1 1 1 1 1 2 1 1 1 1 2
T03F6.1 2 1 2 1 2 1 2 2 2 1 2 1 2 2 2 2 2 1 2 1 2 1 1 2
T04D1.4 1 1 1 1 1 1 1 1 1 1 1 1 1 1 2 1 1 1 1 1 1 1 1 1
T05C3.2 1 1 1 1 1 1 1 1 1 1 1 1 1 1 1 1 1 1 1 2 1 2 2 1
T05C3.6a 1 1 1 1 1 1 1 1 1 1 1 1 1 1 1 1 1 2 1 2 1 2 1 1
T05D4.1.2 1 1 1 1 1 1 1 1 1 2 1 1 1 1 1 1 1 2 1 2 1 2 2 1
T05E11.9 2 2 1 2 2 1 1 1 1 2 1 2 1 1 1 1 2 1 1 1 1 1 1 1
T05G5.4 1 1 1 2 1 1 2 1 2 1 1 2 1 1 1 1 1 1 1 2 1 2 1 1
T07D4.7 1 1 1 1 1 1 1 1 1 1 1 1 1 1 1 1 1 1 1 1 1 1 2 1
T08B2.4 1 2 2 2 2 2 1 2 2 1 2 2 2 1 1 1 1 1 1 1 1 1 1 1
T10A3.1a 2 2 2 2 1 2 2 1 1 1 1 1 1 1 1 1 1 1 1 1 1 1 1 1
T10C6.12 1 1 1 1 1 1 1 1 1 1 1 1 1 1 2 1 1 1 1 1 1 1 1 1
T10D4.3 1 1 1 1 1 1 1 1 1 1 1 1 1 1 1 1 1 2 1 1 1 1 1 1
T10D4.5 2 1 2 1 1 1 2 1 1 1 1 1 1 1 1 1 1 2 1 1 1 1 1 1
T11G6.7 1 1 1 1 1 1 1 1 1 1 1 1 1 1 1 1 1 1 1 1 1 2 1 1
T12B5.1 2 2 1 2 2 1 1 1 1 2 1 2 1 1 1 1 2 1 1 1 1 1 1 1
T12B5.2 2 2 1 2 1 1 1 1 1 1 1 2 1 1 1 1 1 1 1 1 1 1 1 1
T12B5.6b 2 2 1 2 2 1 1 1 1 2 1 2 1 1 1 1 2 1 1 1 1 1 1 1
T13H5.3 1 1 1 1 1 1 1 1 1 1 1 1 1 1 1 1 1 1 1 2 1 1 1 1
T14G10.8a.2 1 1 1 1 1 1 1 1 1 1 1 1 1 1 1 1 1 1 1 1 1 1 1 1
T14G11.3 1 1 1 1 1 2 1 1 1 1 2 1 1 1 1 1 1 1 1 2 2 1 1 1
T16G12.4 2 1 1 2 1 1 2 1 1 2 2 1 1 1 1 1 2 1 1 1 1 1 1 1
T16H12.2 1 1 1 2 1 1 2 1 1 1 1 1 1 1 1 2 1 1 1 2 1 1 1 1
T20F10.7 1 1 2 2 2 1 1 2 1 2 1 1 2 1 1 2 1 1 2 1 2 1 2 1
T20F5.5 1 1 1 1 2 1 1 1 1 1 1 1 1 1 1 1 1 1 1 1 1 1 1 1
T20F7.6 1 1 1 1 1 1 1 1 1 1 1 1 1 2 1 1 1 1 1 2 1 1 1 1
T20H4.2 1 2 1 2 2 1 1 1 1 1 1 2 1 1 1 1 1 2 1 2 1 2 1 1
T22A3.4b 1 1 1 1 1 1 1 1 1 1 1 1 1 1 1 1 1 1 1 2 1 1 1 1
T23D8.6 1 1 1 2 1 1 1 1 1 2 1 1 1 1 1 2 1 1 2 1 1 1 1 1
T23F6.1 1 1 1 1 1 2 1 1 1 1 1 1 1 1 1 1 1 1 1 1 1 1 1 1
T23F6.3a 1 1 1 1 1 2 1 1 1 1 2 1 1 2 1 1 1 2 1 1 1 2 1 1
T23G11.1 2 2 2 2 2 1 2 2 1 1 2 1 1 2 2 1 1 1 1 2 1 1 1 1
T23G11.11 2 2 2 2 1 2 2 2 2 1 2 2 1 2 1 1 1 1 1 1 1 1 1 1
T24A11.3 1 1 1 1 1 1 1 1 1 1 2 1 2 1 1 1 1 1 1 1 1 1 1 1
T25C12.3 1 1 1 1 1 1 1 1 1 1 1 1 1 1 2 1 1 1 1 1 1 1 1 1
T25D3.3 1 1 1 1 1 1 1 1 1 1 1 1 1 1 1 1 1 2 1 2 1 2 1 1
T27F2.4 1 1 1 1 1 1 1 1 1 1 1 1 1 1 2 1 1 1 1 1 1 1 1 1
T28B8.1.2 1 1 1 1 1 1 1 1 1 1 1 1 1 1 1 1 2 1 1 1 1 1 1 1
T28D6.4 1 1 1 2 2 1 1 1 1 1 2 1 2 2 2 1 2 2 2 1 2 2 1 1
T28F2.1 1 1 1 1 1 2 1 1 1 1 1 1 1 1 1 1 1 1 1 1 1 1 2 1
T28F3.4a 1 1 1 1 1 1 1 1 1 1 1 1 1 1 1 1 1 1 1 2 1 1 1 1
T28H10.3 1 1 1 1 1 1 1 1 1 1 1 1 1 1 2 1 1 1 1 1 1 1 1 1
VW06B3R.1b 1 1 1 1 1 1 1 1 1 1 1 1 1 1 1 1 1 2 1 1 2 1 1 1
VY10G11R.1 1 1 1 1 1 1 1 1 1 1 1 1 1 1 1 1 1 1 1 1 1 2 1 1
W01A11.3c 1 1 1 1 1 1 1 1 1 2 2 1 1 1 2 1 1 1 1 2 1 2 2 1
W01A11.6 1 1 1 2 1 1 1 1 2 1 1 2 1 1 1 1 1 1 1 2 1 1 1 1
W01A11.7.2 1 1 1 1 1 1 1 1 1 1 1 1 1 1 1 1 1 1 1 2 1 1 1 1
W02A2.1a 1 2 1 1 1 1 1 1 2 1 1 1 2 2 1 1 1 2 1 2 1 1 1 1
W02B8.3 1 1 1 2 1 1 1 1 1 1 1 1 1 1 1 1 1 1 1 1 1 1 1 1
W02D9.10 1 1 1 1 1 1 1 1 1 1 1 1 1 1 1 1 1 2 1 1 1 2 1 1
W03C9.6.2 1 1 1 1 1 1 1 1 1 1 2 1 1 1 1 1 1 1 1 2 1 2 2 1
W03D2.5c 1 1 1 1 1 1 1 1 1 1 1 1 1 1 1 1 1 1 1 1 1 1 1 1
W03F11.5 1 1 1 1 1 1 1 1 1 1 1 1 1 2 1 1 1 1 1 1 1 1 2 1
W04A8.2 1 2 1 2 2 1 1 1 1 2 2 1 1 1 1 1 2 1 2 1 1 1 1 1
W04B5.3c 1 1 1 1 1 1 1 1 1 1 1 1 1 1 1 2 1 1 1 1 1 1 1 1
W05B2.2 1 1 1 1 1 1 1 1 1 1 1 1 1 1 1 1 1 1 2 1 1 2 1 1
W05F2.6a 1 1 1 1 1 2 1 1 1 1 2 1 2 1 1 1 1 2 2 2 2 1 1 1
W05H9.3 1 1 1 1 1 1 1 1 1 1 1 1 1 1 2 1 1 1 1 1 1 1 1 1
W06A11.4 2 2 2 2 2 1 2 2 2 2 2 2 1 2 2 2 2 1 2 1 2 2 1 2
W09D6.5 1 1 1 1 2 2 1 1 1 2 2 1 1 1 2 1 1 1 2 2 1 2 1 1
Y102A11A.3 1 1 1 1 1 1 1 1 1 1 1 1 1 1 2 1 1 1 1 1 1 1 1 1
Y102A5C.6 2 1 2 2 2 2 2 2 2 2 2 2 1 1 2 1 2 1 2 1 1 1 1 2
Y102A5C.8 1 2 1 1 1 1 1 1 1 1 1 1 2 1 1 1 1 2 1 2 1 2 2 1
Y105C5A.1269 1 1 1 1 1 1 1 1 1 1 1 1 1 1 2 1 1 1 1 1 1 1 1 1
Y110A7A.20 1 1 1 1 1 1 1 1 1 1 1 1 1 2 1 1 1 1 1 2 1 1 1 1
Y116A8C.18 1 1 1 1 1 1 1 1 1 1 1 1 1 1 1 1 1 1 1 1 1 2 1 1
Y116F11A.1 1 1 1 2 2 2 2 2 1 2 2 1 1 1 2 2 2 2 2 2 1 2 2 2
Y119D3B.21 1 1 1 1 1 1 1 1 1 1 1 1 1 1 2 1 1 1 1 1 1 1 2 1
Y119D3B.8 2 2 1 2 2 1 1 1 1 2 1 1 1 1 1 1 2 1 1 1 1 2 1 1
Y17D7B.10 2 2 1 2 2 1 1 1 1 2 1 1 1 1 1 1 2 1 1 1 1 2 1 1
Y17D7B.6 1 1 1 1 1 1 1 1 1 1 1 1 1 1 1 1 1 1 1 2 1 2 1 1
Y17D7B.8 1 1 1 1 1 1 1 1 1 1 1 1 1 1 1 1 1 1 1 2 1 1 1 1
Y17D7C.3 1 2 1 2 2 2 1 2 1 2 2 2 1 1 1 1 2 1 1 1 1 2 1 1
Y17D7C.4 2 2 1 2 2 1 1 1 1 1 1 2 1 1 1 2 2 1 1 1 1 1 1 1
Y18H1A.14 1 2 2 2 1 2 1 1 2 1 2 2 1 2 1 1 1 1 1 1 1 1 1 1
Y20F4.2 1 1 1 1 1 1 1 1 1 1 1 1 1 1 1 1 2 2 1 1 1 1 1 1
Y22F5A.5 1 1 1 1 1 1 1 1 1 1 1 1 1 1 2 1 1 1 1 1 1 2 1 1
Y26G10.5 1 1 1 1 1 1 1 1 1 1 1 1 1 1 1 1 1 1 1 1 1 2 1 1
Y34F4.5a 2 2 2 1 2 2 2 2 1 2 2 2 1 1 1 2 1 1 1 1 1 1 1 1
Y37E11AL.1 1 2 2 2 2 1 1 1 1 2 2 2 1 2 1 1 2 2 1 2 1 2 1 2
Y37E3.5c 1 1 1 1 1 2 2 2 1 2 1 1 2 1 1 1 2 1 1 2 2 2 2 1
Y37E3.7.1 1 1 1 1 1 2 2 2 1 1 1 1 1 1 1 1 1 1 1 2 1 2 1 1
Y37H2B.1 1 1 1 1 1 2 1 1 1 1 1 1 1 1 1 1 1 2 2 2 1 2 1 1
Y38F2AL.12 2 2 2 2 2 2 2 2 2 2 2 2 1 2 1 2 1 1 1 1 1 1 1 2
Y38F2AR.10 1 1 1 1 1 1 1 1 1 1 1 1 1 1 1 1 1 1 1 2 1 2 1 1
Y39A3CL.2 1 1 1 1 1 2 1 1 1 1 2 1 2 2 1 1 2 1 1 1 1 1 2 1
Y39A3CR.8b 1 1 1 1 1 1 1 1 1 1 1 1 1 1 1 1 1 1 1 1 1 2 1 1
Y39B6A.11 2 1 1 2 2 2 2 2 2 2 2 2 1 1 1 1 1 1 1 1 1 1 1 1
Y39B6A.41 1 1 1 1 1 1 1 1 1 1 1 1 1 1 1 1 1 1 1 2 1 1 1 1
Y39B6A.9 1 1 2 1 1 1 1 1 1 1 2 1 1 1 1 1 1 1 1 1 2 1 1 1
Y39D8B.3 2 2 2 2 1 1 1 2 2 2 1 1 1 1 1 1 1 1 1 1 1 1 1 1
Y39G10AR.17 1 1 2 1 1 1 1 2 2 1 1 1 1 1 1 1 1 1 1 1 1 1 1 1
Y40A1A.4 2 2 1 2 2 2 1 1 1 2 2 2 1 1 2 2 2 2 1 2 1 2 1 2
Y43F8B.22 2 2 1 2 2 1 1 1 1 2 1 2 1 1 1 2 2 1 1 1 1 2 1 1
Y43F8B.8 2 2 1 2 2 1 1 1 1 2 1 2 1 1 1 2 2 1 1 1 1 1 1 1
Y43F8B.9 1 1 1 1 1 1 1 1 1 1 1 1 1 1 1 1 1 1 1 1 1 2 1 1
Y44E3A.2 2 1 2 2 1 2 2 2 2 1 2 1 2 2 2 2 2 1 2 2 1 2 1 2
Y45F10D.10a 2 1 1 1 1 1 1 1 1 2 1 1 1 2 2 2 1 2 1 2 1 1 1 1
Y46C8AL.8 1 1 1 1 1 1 1 1 1 1 1 1 1 1 1 1 1 1 1 1 2 1 1 1
Y47D7A.16 1 1 2 2 2 2 1 2 1 2 1 1 2 2 1 1 2 2 2 2 2 2 2 2
Y47H10A.1 1 1 1 1 1 1 1 1 1 1 1 1 1 2 1 1 1 1 1 1 1 1 1 1
Y47H9C.10 2 2 2 2 2 1 2 2 2 2 2 2 1 1 1 1 2 1 1 1 1 1 1 2
Y48G10A.7 1 1 1 1 1 1 1 1 1 1 1 1 1 1 1 1 1 1 1 1 1 1 2 1
Y48G1C.5 1 2 1 2 1 1 1 1 1 1 1 2 1 2 1 1 1 2 1 2 1 2 2 1
Y49A3A.4 1 1 1 1 1 1 1 1 1 1 1 1 1 1 1 1 1 1 1 2 1 1 1 1
Y49F6A.10 2 2 1 2 2 2 1 1 1 2 1 2 1 1 2 2 2 2 1 1 1 2 2 2
Y49F6A.5 1 1 1 1 1 1 1 1 1 1 2 1 1 1 1 1 1 1 1 1 2 1 1 1
Y50E8A.14 1 1 1 1 1 1 1 1 1 1 1 1 1 1 2 1 1 1 1 1 1 2 2 1
Y53C10A.3 2 2 2 2 1 2 1 1 2 1 2 2 2 1 1 1 1 1 1 1 2 1 1 1
Y53F4B.16 1 1 1 1 1 1 1 1 1 1 2 1 1 1 1 1 1 1 1 1 1 1 1 1
Y53F4B.17 1 1 1 2 1 2 1 1 1 1 2 2 1 2 1 1 1 1 1 1 1 1 1 1
Y53F4B.45 2 2 1 2 2 1 1 1 1 2 1 2 1 1 1 1 2 1 1 1 1 2 1 1
Y53G8AM.1 1 1 1 1 1 1 1 1 1 1 1 1 1 1 1 1 1 1 1 1 1 2 2 1
Y53H1B.1 2 2 2 2 1 1 2 2 2 2 1 1 2 1 1 1 2 1 1 1 1 1 1 1
Y54E2A.4a 2 2 2 2 2 2 2 2 2 2 2 2 2 1 1 2 2 2 2 1 2 1 1 2
Y54F10AM.11 1 2 1 2 2 2 1 2 2 1 1 2 1 1 1 1 1 2 1 1 1 2 1 1
Y54F10BM.15 2 2 2 2 2 1 1 1 1 2 1 2 1 1 2 1 2 1 1 1 1 1 1 1
Y54G2A.44 1 1 1 1 1 1 1 1 1 1 1 1 1 1 1 1 1 1 1 2 1 2 1 1
Y55F3AM.2 1 2 1 1 1 1 1 1 1 1 1 1 1 1 1 1 1 1 1 1 1 1 2 1
Y57G11C.1130 1 1 1 1 1 1 1 1 2 1 1 1 1 1 1 1 2 1 1 1 1 1 1 1
Y60A3A.24 1 1 1 1 1 1 1 1 1 1 1 1 1 1 1 1 1 1 1 2 1 2 1 1
Y60A3A.27 2 2 1 2 2 1 1 1 1 2 1 2 1 1 1 2 2 2 1 1 1 2 1 1
Y62E10A.3 1 2 2 2 2 1 1 2 1 1 2 2 1 2 1 1 1 1 1 1 1 1 1 1
Y62E10A.4a 2 2 2 2 2 2 1 2 2 1 2 2 2 2 1 1 2 1 1 1 1 1 1 2
Y65B4BL.7a 2 2 1 2 1 1 1 1 2 1 2 1 2 2 1 2 2 2 1 2 2 2 1 2
Y67D8A.3 1 1 1 1 2 1 1 1 1 2 1 1 1 1 1 1 1 1 1 1 1 1 1 1
Y68A4A.13 1 1 1 1 1 1 1 1 1 1 1 1 1 1 1 1 1 1 1 2 1 2 1 1
Y69A2AR.14 1 1 1 1 1 2 1 1 1 1 2 2 1 2 1 1 1 1 1 1 1 2 2 1
Y69A2AR.31 1 2 2 1 2 2 2 2 2 2 2 2 1 2 1 1 1 1 1 2 1 1 2 2
Y71F9AL.5 1 1 1 1 1 1 2 1 1 1 2 2 1 1 1 1 1 1 1 1 1 1 1 1
Y71G12A.3a 1 2 2 2 2 1 2 2 1 1 1 2 2 1 2 2 2 2 1 1 1 1 1 2
Y71G12B.11e 1 2 1 2 2 1 2 2 1 2 2 2 1 1 1 1 1 1 1 1 1 1 1 1
Y71H2AL.2 2 2 1 2 2 2 2 1 2 1 2 1 1 2 1 1 2 2 1 2 2 1 2 2
Y73F8A.32b 1 1 1 1 2 1 2 2 1 2 2 1 2 1 1 1 1 1 2 1 1 1 1 1
Y75D11A.5 2 2 2 2 2 2 1 2 2 2 2 2 1 1 1 1 1 1 2 1 1 2 1 2
Y75D11A.7 1 1 1 1 1 1 1 1 1 1 1 1 2 1 1 1 1 1 1 1 1 2 1 1
Y76A2B.2 1 2 1 2 2 2 2 2 2 2 2 2 2 1 1 1 1 1 1 1 1 2 2 2
Y76B12C.4a 1 1 2 1 1 1 1 1 1 1 1 1 1 1 2 1 1 1 1 1 1 1 1 1
Y7A5A.21 1 1 1 1 1 1 1 1 1 1 1 1 1 1 1 1 1 1 1 1 1 2 1 1
Y7A5A.22 1 1 1 1 1 1 1 1 1 1 1 1 1 1 1 1 1 1 1 1 1 2 1 1
Y80D3A.1 2 2 2 2 2 2 2 2 2 2 2 2 1 1 1 1 1 1 1 1 1 1 1 2
Y81G3A.4a 1 1 1 1 1 1 1 1 1 1 1 1 1 1 1 1 1 1 1 2 1 1 1 1
Y82E9BL.18 1 1 1 1 1 1 1 1 1 1 1 1 1 1 1 1 1 1 1 1 1 2 1 1
Y82E9BR.4 1 1 1 1 1 1 1 1 1 1 1 1 1 1 1 1 1 1 1 2 1 1 1 1
Y87G2A.2 1 1 1 1 1 1 1 1 1 1 1 1 1 1 1 1 1 1 1 1 1 1 2 1
Y8G1A.2 1 1 1 1 1 1 1 1 1 1 1 1 1 1 1 1 1 1 1 1 2 1 1 1
Y94H6A.12a 2 2 1 2 1 1 1 1 1 1 1 1 1 1 1 1 1 1 1 1 1 1 1 1
Y94H6A.7 1 2 2 2 2 2 2 2 2 2 2 2 1 1 1 1 1 1 1 1 1 1 1 1
Y95B8A.1 1 1 1 1 1 1 1 1 1 1 1 1 1 2 1 1 1 1 1 2 1 1 1 1
Y95B8A.10c 1 1 1 1 1 1 1 1 1 1 1 1 1 1 2 1 1 1 1 1 1 1 1 1
ZC123.4c 2 2 2 2 2 2 1 2 1 1 2 2 1 2 1 2 2 2 1 1 2 1 1 2
ZC15.1 1 1 1 1 1 1 1 1 1 1 1 1 1 1 1 1 1 1 1 2 1 2 1 1
ZC190.7 1 1 1 1 1 1 1 1 1 1 1 1 1 1 1 1 1 1 1 1 1 1 2 1
ZC190.8 1 2 1 1 1 1 1 1 1 1 1 1 1 1 1 1 1 2 1 1 1 1 2 1
ZC204.2 1 2 1 1 1 2 1 1 1 1 1 1 1 1 2 1 1 2 1 1 1 2 1 1
ZC317.6 2 1 1 2 1 2 1 1 2 1 1 2 1 1 1 1 1 1 1 1 1 2 1 1
ZC328.5 1 1 1 1 1 1 1 1 1 1 1 1 1 1 1 1 1 1 1 2 1 1 1 1
ZC416.1 1 1 1 1 1 2 1 1 1 1 2 1 1 1 1 1 1 2 1 1 2 1 1 1
ZC84.3 1 1 1 1 1 1 1 1 1 1 1 1 1 2 1 1 1 1 2 1 1 1 1 1
ZK1098.6 1 2 2 1 1 1 1 1 1 1 1 2 1 1 1 2 1 1 1 1 1 1 1 1
ZK1098.7 1 1 1 1 1 1 1 1 1 2 1 1 1 1 1 1 1 1 1 1 1 1 1 1
ZK1128.7 2 2 2 2 1 1 1 2 2 1 1 2 1 1 1 1 2 1 1 2 1 1 1 1
ZK1151.1g 1 1 1 1 1 1 1 1 1 2 1 1 2 2 2 2 1 2 2 2 2 2 1 1
ZK1236.9b 1 1 2 1 1 1 1 1 1 1 1 1 1 2 1 1 1 1 1 2 1 1 1 1
ZK131.5 1 1 1 1 1 1 1 1 1 1 1 1 1 1 2 1 1 1 1 1 1 1 1 1
ZK177.9 1 1 1 1 1 1 1 1 1 1 1 1 1 1 1 1 1 1 1 2 1 1 1 1
ZK228.1 1 1 1 1 1 1 1 1 1 1 1 1 1 1 1 1 1 2 1 2 1 2 2 1
ZK250.15 1 1 1 1 1 1 1 1 1 1 1 1 1 1 1 1 1 1 1 1 1 2 1 1
ZK355.2b 2 2 2 2 2 2 2 2 2 2 1 2 1 1 1 1 1 2 1 1 2 1 1 2
ZK673.4 1 1 1 1 1 1 1 1 1 1 1 1 1 1 1 1 1 1 1 2 1 1 1 1
ZK856.5 1 1 1 1 1 1 1 1 1 1 2 1 2 1 1 1 1 1 2 2 1 2 1 1
ZK909.5 1 1 1 1 1 1 1 1 1 1 1 1 1 1 1 1 1 1 1 1 1 2 1 1
ZK945.1 1 1 1 1 1 1 1 1 1 1 1 1 1 1 2 1 1 1 1 1 1 1 1 1
ZK973.6 1 1 1 1 1 1 1 1 1 1 1 1 1 1 2 1 1 1 1 1 1 1 1 1
